1,566407.16,4178568.98,0.00
2,566419.70,4178555.67,0.00
3,566521.31,4178561.81,0.00
864,566489.10,4178587.00,0.00
865,566473.15,4178586.97,0.00
866,566462.47,4178588.47,0.00
867,566448.56,4178587.19,0.00
868,566433.94,4178586.78,0.00
869,566423.73,4178585.09,0.00
870,566405.21,4178583.03,0.00
871,566400.39,4178582.76,0.00
872,566396.58,4178580.33,0.00
929,566549.08,4178577.42,0.00
930,566544.13,4178583.49,0.00
931,566541.99,4178590.72,0.00
932,566526.71,4178590.24,0.00
933,566517.43,4178589.36,0.00
934,566502.79,4178588.14,0.00
935,566416.46,4178559.62,0.00
936,566404.45,4178571.70,0.00
937,566542.44,4178573.64,0.00
938,566526.94,4178566.45,0.00
939,566516.94,4178558.20,0.00
940,566508.47,4178552.98,0.00
941,566493.09,4178541.93,0.00
942,566486.28,4178536.71,0.00
943,566476.30,4178543.48,0.00
944,566463.80,4178550.41,0.00
945,566455.39,4178543.76,0.00
946,566446.28,4178534.52,0.00
947,566439.05,4178526.23,0.00
948,566435.89,4178520.41,0.00
949,566432.46,4178537.17,0.00
950,566428.54,4178544.88,0.00
