G BAHCE-01 (P115-B04)|5.166|46.102,78.702;46.043,79.700;45.943,81.387;45.743,81.375;41.950,81.150;41.264,81.109;38.650,80.954;38.157,80.924;37.957,80.912;38.295,75.247;46.279,75.721|46.102,78.702,4.855;46.072,79.201,4.874;46.043,79.700,4.895;46.010,80.262,4.919;45.976,80.825,4.946;45.943,81.387,4.970;45.843,81.381,4.979;45.743,81.375,4.989;45.201,81.343,5.042;44.659,81.311,5.097;44.117,81.279,5.151;43.576,81.246,5.210;43.034,81.214,5.271;42.492,81.182,5.330;41.950,81.150,5.387;41.607,81.130,5.424;41.264,81.109,5.462;40.741,81.078,5.519;40.218,81.047,5.576;39.696,81.016,5.633;39.173,80.985,5.693;38.650,80.954,5.755;38.403,80.939,5.783;38.157,80.924,5.812;38.057,80.918,5.824;37.957,80.912,5.836;37.988,80.397,5.734;38.018,79.882,5.631;38.049,79.367,5.538;38.080,78.852,5.459;38.111,78.337,5.379;38.141,77.822,5.305;38.172,77.307,5.232;38.203,76.792,5.160;38.234,76.277,5.093;38.264,75.762,5.031;38.295,75.247,4.970;38.827,75.279,4.953;39.360,75.310,4.937;39.892,75.342,4.931;40.424,75.373,4.928;40.956,75.405,4.922;41.489,75.437,4.920;42.021,75.468,4.925;42.553,75.500,4.928;43.085,75.531,4.909;43.618,75.563,4.905;44.150,75.595,4.890;44.682,75.626,4.849;45.214,75.658,4.812;45.747,75.689,4.773;46.279,75.721,4.732;46.244,76.317,4.758;46.208,76.913,4.786;46.173,77.510,4.814;46.137,78.106,4.835
G BAHCE-02 (P117-B31)|-1.782|100.799,42.424;106.993,47.172;115.118,53.010;115.118,62.656;112.618,62.656;112.915,57.665;108.922,57.427;104.929,57.190;104.994,56.092;105.024,55.593;105.033,55.443;105.072,54.794;105.078,54.694;105.107,54.195;100.116,53.898|100.799,42.424,-3.993;101.212,42.741,-3.989;101.625,43.057,-3.974;102.038,43.374,-3.930;102.451,43.690,-3.882;102.864,44.007,-3.834;103.277,44.323,-3.781;103.690,44.640,-3.693;104.102,44.956,-3.605;104.515,45.273,-3.499;104.928,45.589,-3.388;105.341,45.906,-3.278;105.754,46.222,-3.182;106.167,46.539,-3.094;106.580,46.855,-3.004;106.993,47.172,-2.914;107.399,47.464,-2.853;107.805,47.756,-2.793;108.212,48.048,-2.733;108.618,48.340,-2.671;109.024,48.631,-2.627;109.430,48.923,-2.579;109.837,49.215,-2.525;110.243,49.507,-2.495;110.649,49.799,-2.490;111.055,50.091,-2.486;111.462,50.383,-2.462;111.868,50.675,-2.466;112.274,50.967,-2.484;112.680,51.259,-2.500;113.087,51.550,-2.481;113.493,51.842,-2.466;113.899,52.134,-2.451;114.305,52.426,-2.436;114.712,52.718,-2.392;115.118,53.010,-2.340;115.118,53.518,-2.079;115.118,54.025,-1.804;115.118,54.533,-1.587;115.118,55.041,-1.396;115.118,55.548,-1.213;115.118,56.056,-1.062;115.118,56.564,-0.906;115.118,57.071,-0.746;115.118,57.579,-0.616;115.118,58.087,-0.487;115.118,58.595,-0.363;115.118,59.102,-0.258;115.118,59.610,-0.161;115.118,60.118,-0.070;115.118,60.625,0.017;115.118,61.133,0.099;115.118,61.641,0.177;115.118,62.148,0.247;115.118,62.656,0.316;114.618,62.656,0.352;114.118,62.656,0.363;113.618,62.656,0.367;113.118,62.656,0.373;112.618,62.656,0.370;112.651,62.101,0.299;112.684,61.547,0.227;112.717,60.992,0.147;112.750,60.438,0.064;112.783,59.883,-0.022;112.816,59.329,-0.121;112.849,58.774,-0.220;112.882,58.220,-0.328;112.915,57.665,-0.450;112.416,57.635,-0.449;111.917,57.605,-0.450;111.418,57.576,-0.457;110.918,57.546,-0.471;110.419,57.516,-0.474;109.920,57.486,-0.478;109.421,57.457,-0.483;108.922,57.427,-0.482;108.423,57.397,-0.483;107.924,57.368,-0.500;107.425,57.338,-0.516;106.925,57.308,-0.518;106.426,57.279,-0.509;105.927,57.249,-0.511;105.428,57.220,-0.508;104.929,57.190,-0.482;104.962,56.641,-0.669;104.994,56.092,-0.836;105.009,55.843,-0.903;105.024,55.593,-0.970;105.029,55.518,-0.991;105.033,55.443,-1.011;105.053,55.118,-1.094;105.072,54.794,-1.176;105.075,54.744,-1.189;105.078,54.694,-1.201;105.093,54.445,-1.265;105.107,54.195,-1.341;104.552,54.162,-1.413;103.998,54.129,-1.485;103.443,54.096,-1.580;102.889,54.063,-1.687;102.334,54.030,-1.798;101.780,53.997,-1.916;101.225,53.964,-2.028;100.671,53.931,-2.137;100.116,53.898,-2.238;100.147,53.376,-2.401;100.178,52.855,-2.547;100.209,52.333,-2.675;100.240,51.812,-2.793;100.271,51.290,-2.912;100.302,50.769,-3.027;100.333,50.247,-3.137;100.364,49.726,-3.243;100.395,49.204,-3.336;100.426,48.683,-3.427;100.458,48.161,-3.525;100.489,47.639,-3.614;100.520,47.118,-3.693;100.551,46.596,-3.768;100.582,46.075,-3.774;100.613,45.553,-3.826;100.644,45.032,-3.878;100.675,44.510,-3.911;100.706,43.989,-3.942;100.737,43.467,-3.957;100.768,42.946,-3.969
G BAHCE-03 (P116-B20)|0.171|83.936,69.641;84.299,63.975;92.261,64.456;92.082,67.431;92.081,67.451;91.922,70.116;87.929,69.879;83.936,69.641|83.936,69.641,-0.063;83.969,69.126,-0.189;84.002,68.611,-0.314;84.035,68.096,-0.422;84.068,67.581,-0.526;84.101,67.066,-0.644;84.134,66.550,-0.765;84.167,66.035,-0.895;84.200,65.520,-1.098;84.233,65.005,-1.305;84.266,64.490,-1.512;84.299,63.975,-1.706;84.830,64.007,-1.540;85.361,64.039,-1.297;85.891,64.071,-1.044;86.422,64.103,-0.802;86.953,64.135,-0.563;87.484,64.167,-0.294;88.015,64.199,-0.060;88.545,64.232,0.119;89.076,64.264,0.272;89.607,64.296,0.374;90.138,64.328,0.477;90.669,64.360,0.601;91.199,64.392,0.639;91.730,64.424,0.677;92.261,64.456,0.696;92.225,65.051,0.713;92.189,65.646,0.727;92.154,66.241,0.740;92.118,66.836,0.755;92.082,67.431,0.772;92.082,67.441,0.772;92.081,67.451,0.773;92.049,67.984,0.818;92.017,68.517,0.866;91.986,69.050,0.919;91.954,69.583,1.022;91.922,70.116,1.126;91.423,70.086,1.090;90.924,70.057,1.055;90.425,70.027,1.025;89.925,69.998,0.981;89.426,69.968,0.941;88.927,69.938,0.917;88.428,69.909,0.883;87.929,69.879,0.834;87.430,69.849,0.781;86.931,69.820,0.705;86.432,69.790,0.607;85.933,69.760,0.483;85.433,69.730,0.329;84.934,69.701,0.195;84.435,69.671,0.074;83.936,69.641,-0.063;83.936,69.641,-0.063
G BAHCE-04 (P116-B24)|0.319|125.490,69.448;125.330,72.133;125.131,72.121;121.337,71.895;117.344,71.658;117.681,65.992;125.667,66.475|125.490,69.448,-0.092;125.458,69.985,0.012;125.426,70.522,0.125;125.394,71.059,0.223;125.362,71.596,0.313;125.330,72.133,0.400;125.231,72.127,0.420;125.131,72.121,0.440;124.589,72.089,0.498;124.047,72.056,0.540;123.505,72.024,0.581;122.963,71.992,0.627;122.421,71.960,0.675;121.879,71.927,0.722;121.337,71.895,0.769;120.838,71.865,0.813;120.339,71.836,0.857;119.840,71.806,0.905;119.340,71.776,0.952;118.841,71.747,0.999;118.342,71.717,1.047;117.843,71.688,1.094;117.344,71.658,1.140;117.375,71.143,1.088;117.405,70.628,1.036;117.436,70.113,0.985;117.467,69.598,0.936;117.497,69.083,0.887;117.528,68.567,0.793;117.558,68.052,0.691;117.589,67.537,0.588;117.620,67.022,0.494;117.650,66.507,0.408;117.681,65.992,0.323;118.180,66.022,0.245;118.679,66.052,0.166;119.178,66.083,0.104;119.677,66.113,0.052;120.177,66.143,0.001;120.676,66.173,-0.044;121.175,66.203,-0.094;121.674,66.233,-0.143;122.173,66.264,-0.197;122.672,66.294,-0.261;123.171,66.324,-0.324;123.671,66.354,-0.398;124.170,66.384,-0.483;124.669,66.415,-0.565;125.168,66.445,-0.665;125.667,66.475,-0.800;125.632,67.070,-0.642;125.596,67.664,-0.484;125.561,68.259,-0.324;125.525,68.853,-0.206
G BAHCE-05 (P116-B16)|3.432|58.760,62.432;58.580,65.406;58.520,66.405;58.420,68.092;58.220,68.080;54.427,67.854;50.434,67.617;50.434,67.616;50.777,61.950|58.760,62.432,2.777;58.724,63.027,2.646;58.688,63.622,2.527;58.652,64.216,2.403;58.616,64.811,2.311;58.580,65.406,2.249;58.550,65.906,2.213;58.520,66.405,2.207;58.487,66.967,2.207;58.453,67.530,2.214;58.420,68.092,2.209;58.320,68.086,2.244;58.220,68.080,2.280;57.678,68.048,2.476;57.136,68.015,2.643;56.594,67.983,2.796;56.053,67.951,2.947;55.511,67.919,3.096;54.969,67.886,3.242;54.427,67.854,3.387;53.928,67.824,3.504;53.429,67.795,3.620;52.930,67.765,3.733;52.430,67.736,3.830;51.931,67.706,3.926;51.432,67.676,4.020;50.933,67.647,4.095;50.434,67.617,4.170;50.434,67.617,4.170;50.434,67.616,4.170;50.465,67.101,4.181;50.496,66.586,4.191;50.528,66.071,4.207;50.559,65.556,4.230;50.590,65.041,4.244;50.621,64.525,4.256;50.652,64.010,4.262;50.683,63.495,4.273;50.715,62.980,4.292;50.746,62.465,4.295;50.777,61.950,4.304;51.309,61.982,4.267;51.841,62.014,4.205;52.374,62.046,4.135;52.906,62.079,4.067;53.438,62.111,3.990;53.970,62.143,3.907;54.502,62.175,3.803;55.035,62.207,3.715;55.567,62.239,3.608;56.099,62.271,3.481;56.631,62.303,3.333;57.163,62.336,3.206;57.696,62.368,3.080;58.228,62.400,2.933
G BAHCE-06 (P116-B21)|1.526|104.056,72.727;103.869,75.865;103.853,76.140;100.321,75.930;100.980,64.983;109.696,65.510;109.518,68.498;109.319,68.486;104.525,68.201;104.360,68.191;104.326,68.189;104.325,68.192;104.127,71.529;104.098,72.027;104.062,72.627;104.056,72.727|104.056,72.727,2.016;104.025,73.250,2.083;103.994,73.773,2.136;103.963,74.296,2.177;103.931,74.819,2.217;103.900,75.342,2.249;103.869,75.865,2.277;103.861,76.002,2.284;103.853,76.140,2.291;103.348,76.110,2.317;102.844,76.080,2.348;102.339,76.050,2.380;101.835,76.020,2.415;101.330,75.990,2.445;100.826,75.960,2.460;100.321,75.930,2.476;100.352,75.409,2.416;100.384,74.887,2.357;100.415,74.366,2.282;100.447,73.845,2.202;100.478,73.324,2.113;100.509,72.802,2.021;100.541,72.281,1.926;100.572,71.760,1.825;100.603,71.238,1.723;100.635,70.717,1.619;100.666,70.196,1.515;100.698,69.675,1.430;100.729,69.153,1.345;100.760,68.632,1.264;100.792,68.111,1.186;100.823,67.589,1.108;100.854,67.068,1.035;100.886,66.547,0.962;100.917,66.026,0.892;100.949,65.504,0.836;100.980,64.983,0.780;101.493,65.014,0.780;102.005,65.045,0.781;102.518,65.076,0.803;103.031,65.107,0.825;103.544,65.138,0.839;104.056,65.169,0.852;104.569,65.200,0.861;105.082,65.231,0.871;105.594,65.262,0.880;106.107,65.293,0.875;106.620,65.324,0.871;107.132,65.355,0.866;107.645,65.386,0.861;108.158,65.417,0.855;108.671,65.448,0.848;109.183,65.479,0.837;109.696,65.510,0.826;109.660,66.108,0.925;109.625,66.705,1.020;109.589,67.303,1.115;109.554,67.900,1.205;109.518,68.498,1.292;109.418,68.492,1.295;109.319,68.486,1.298;108.786,68.454,1.312;108.254,68.423,1.325;107.721,68.391,1.336;107.188,68.359,1.344;106.656,68.328,1.349;106.123,68.296,1.353;105.590,68.264,1.357;105.058,68.233,1.355;104.525,68.201,1.352;104.442,68.196,1.352;104.360,68.191,1.352;104.343,68.190,1.352;104.326,68.189,1.352;104.326,68.190,1.352;104.325,68.192,1.352;104.292,68.748,1.442;104.259,69.304,1.529;104.226,69.861,1.614;104.193,70.417,1.698;104.160,70.973,1.778;104.127,71.529,1.857;104.112,71.778,1.892;104.098,72.027,1.927;104.080,72.327,1.965;104.062,72.627,2.003;104.059,72.677,2.009;104.056,72.727,2.016;104.056,72.727,2.016
G BAHCE-07 (P117-B30)|-3.590|100.183,41.952;100.799,42.424;100.116,53.898;95.125,53.602;95.617,45.049|100.183,41.952,-4.003;100.491,42.188,-3.997;100.799,42.424,-3.993;100.768,42.946,-3.969;100.737,43.467,-3.957;100.706,43.989,-3.942;100.675,44.510,-3.911;100.644,45.032,-3.878;100.613,45.553,-3.826;100.582,46.075,-3.774;100.551,46.596,-3.768;100.520,47.118,-3.693;100.489,47.639,-3.614;100.458,48.161,-3.525;100.426,48.683,-3.427;100.395,49.204,-3.336;100.364,49.726,-3.243;100.333,50.247,-3.137;100.302,50.769,-3.027;100.271,51.290,-2.912;100.240,51.812,-2.793;100.209,52.333,-2.675;100.178,52.855,-2.547;100.147,53.376,-2.401;100.116,53.898,-2.238;99.561,53.865,-2.338;99.007,53.832,-2.420;98.452,53.799,-2.501;97.898,53.766,-2.604;97.343,53.734,-2.687;96.789,53.701,-2.764;96.234,53.668,-2.836;95.680,53.635,-2.928;95.125,53.602,-3.023;95.154,53.099,-3.223;95.183,52.596,-3.428;95.212,52.093,-3.567;95.241,51.590,-3.688;95.270,51.086,-3.810;95.299,50.583,-3.898;95.328,50.080,-3.979;95.357,49.577,-4.062;95.385,49.074,-4.142;95.414,48.571,-4.196;95.443,48.068,-4.249;95.472,47.565,-4.273;95.501,47.061,-4.293;95.530,46.558,-4.341;95.559,46.055,-4.332;95.588,45.552,-4.318;95.617,45.049,-4.329;96.032,44.767,-4.348;96.447,44.486,-4.333;96.862,44.204,-4.261;97.277,43.923,-4.183;97.692,43.641,-4.104;98.108,43.360,-4.038;98.523,43.078,-4.001;98.938,42.797,-3.973;99.353,42.515,-3.983;99.768,42.234,-3.979
G BAHCE-08 (P116-B17)|-1.051|75.951,69.166;76.060,67.330;76.110,66.481;76.291,63.491;84.299,63.975;83.936,69.641;79.943,69.404;76.949,69.225|75.951,69.166,-0.785;75.987,68.554,-0.834;76.024,67.942,-0.847;76.060,67.330,-0.855;76.085,66.905,-0.854;76.110,66.481,-0.857;76.146,65.883,-0.870;76.182,65.285,-0.858;76.219,64.687,-0.854;76.255,64.089,-0.860;76.291,63.491,-0.850;76.791,63.521,-1.006;77.292,63.551,-1.157;77.793,63.582,-1.318;78.293,63.612,-1.456;78.793,63.642,-1.581;79.294,63.672,-1.702;79.794,63.703,-1.811;80.295,63.733,-1.907;80.796,63.763,-1.992;81.296,63.794,-2.055;81.797,63.824,-2.065;82.297,63.854,-2.038;82.797,63.884,-2.072;83.298,63.915,-1.986;83.799,63.945,-1.813;84.299,63.975,-1.706;84.266,64.490,-1.512;84.233,65.005,-1.305;84.200,65.520,-1.098;84.167,66.035,-0.895;84.134,66.550,-0.765;84.101,67.066,-0.644;84.068,67.581,-0.526;84.035,68.096,-0.422;84.002,68.611,-0.314;83.969,69.126,-0.189;83.936,69.641,-0.063;83.437,69.611,-0.187;82.938,69.582,-0.290;82.439,69.552,-0.387;81.940,69.523,-0.487;81.440,69.493,-0.585;80.941,69.463,-0.669;80.442,69.434,-0.753;79.943,69.404,-0.855;79.344,69.368,-0.910;78.745,69.332,-0.974;78.147,69.297,-1.029;77.548,69.261,-0.993;76.949,69.225,-0.952;76.450,69.195,-0.868
G BAHCE-09 (P116-B19)|1.684|83.621,74.937;83.639,74.632;86.947,74.829;86.958,74.830;87.633,74.870;88.045,74.894;88.292,74.909;91.625,75.107;91.658,75.109;91.825,75.119;92.525,75.161;94.521,75.279;94.821,75.297;95.420,75.333;96.818,75.416;96.828,75.242;97.005,72.277;97.046,71.578;97.076,71.080;97.076,71.079;97.273,67.765;97.275,67.740;92.082,67.431;92.261,64.456;100.980,64.983;100.321,75.930|83.621,74.937,1.366;83.630,74.785,1.336;83.639,74.632,1.306;84.190,74.665,1.403;84.742,74.698,1.488;85.293,74.731,1.559;85.844,74.763,1.628;86.396,74.796,1.697;86.947,74.829,1.772;86.953,74.829,1.773;86.958,74.830,1.774;87.296,74.850,1.819;87.633,74.870,1.863;87.839,74.882,1.887;88.045,74.894,1.911;88.168,74.901,1.926;88.292,74.909,1.940;88.847,74.942,2.006;89.403,74.975,2.064;89.959,75.008,2.119;90.514,75.041,2.173;91.070,75.074,2.219;91.625,75.107,2.265;91.642,75.108,2.267;91.658,75.109,2.268;91.742,75.114,2.275;91.825,75.119,2.282;92.175,75.140,2.309;92.525,75.161,2.335;93.190,75.200,2.383;93.856,75.240,2.426;94.521,75.279,2.464;94.671,75.288,2.472;94.821,75.297,2.478;95.120,75.315,2.486;95.420,75.333,2.493;96.119,75.374,2.509;96.818,75.416,2.509;96.823,75.329,2.493;96.828,75.242,2.477;96.863,74.649,2.360;96.899,74.056,2.238;96.934,73.463,2.120;96.970,72.870,1.987;97.005,72.277,1.856;97.025,71.928,1.782;97.046,71.578,1.705;97.061,71.329,1.650;97.076,71.080,1.594;97.076,71.079,1.594;97.076,71.079,1.594;97.109,70.527,1.471;97.142,69.974,1.364;97.174,69.422,1.250;97.207,68.870,1.139;97.240,68.317,1.051;97.273,67.765,0.962;97.274,67.752,0.960;97.275,67.740,0.958;96.756,67.709,0.927;96.236,67.678,0.898;95.717,67.647,0.871;95.198,67.616,0.843;94.678,67.585,0.817;94.159,67.555,0.801;93.640,67.524,0.788;93.121,67.493,0.777;92.601,67.462,0.774;92.082,67.431,0.772;92.118,66.836,0.755;92.154,66.241,0.740;92.189,65.646,0.727;92.225,65.051,0.713;92.261,64.456,0.696;92.774,64.487,0.695;93.287,64.518,0.693;93.800,64.549,0.689;94.313,64.580,0.684;94.825,64.611,0.679;95.338,64.642,0.697;95.851,64.673,0.727;96.364,64.704,0.755;96.877,64.735,0.772;97.390,64.766,0.789;97.903,64.797,0.806;98.416,64.828,0.816;98.928,64.859,0.815;99.441,64.890,0.815;99.954,64.921,0.795;100.467,64.952,0.772;100.980,64.983,0.780;100.949,65.504,0.836;100.917,66.026,0.892;100.886,66.547,0.962;100.854,67.068,1.035;100.823,67.589,1.108;100.792,68.111,1.186;100.760,68.632,1.264;100.729,69.153,1.345;100.698,69.675,1.430;100.666,70.196,1.515;100.635,70.717,1.619;100.603,71.238,1.723;100.572,71.760,1.825;100.541,72.281,1.926;100.509,72.802,2.021;100.478,73.324,2.113;100.447,73.845,2.202;100.415,74.366,2.282;100.384,74.887,2.357;100.352,75.409,2.416;100.321,75.930,2.476;99.815,75.900,2.505;99.309,75.870,2.532;98.803,75.840,2.554;98.297,75.810,2.564;97.791,75.780,2.568;97.285,75.749,2.569;96.779,75.719,2.565;96.273,75.689,2.564;95.766,75.659,2.565;95.260,75.629,2.554;94.754,75.599,2.541;94.248,75.569,2.521;93.742,75.539,2.492;93.236,75.509,2.459;92.730,75.479,2.422;92.224,75.449,2.385;91.718,75.418,2.345;91.212,75.388,2.303;90.706,75.358,2.260;90.200,75.328,2.213;89.694,75.298,2.163;89.188,75.268,2.113;88.682,75.238,2.057;88.176,75.208,1.997;87.669,75.178,1.938;87.163,75.148,1.873;86.657,75.118,1.804;86.151,75.087,1.736;85.645,75.057,1.669;85.139,75.027,1.603;84.633,74.997,1.537;84.127,74.967,1.455
G BAHCE-10 (P116-B17)|0.200|70.654,70.610;70.648,70.710;70.461,73.849;70.443,74.153;66.868,73.941;67.570,62.964;76.291,63.491;76.110,66.481;74.463,66.383;72.666,66.276;72.267,66.252;71.916,66.231;70.952,66.174;70.918,66.172;70.952,66.174;70.918,66.172;70.918,66.173;70.917,66.176;70.719,69.512;70.690,70.010;70.654,70.610|70.654,70.610,0.218;70.651,70.660,0.213;70.648,70.710,0.207;70.617,71.233,0.174;70.586,71.756,0.149;70.554,72.279,0.115;70.523,72.803,0.072;70.492,73.326,0.029;70.461,73.849,0.043;70.452,74.001,0.054;70.443,74.153,0.068;69.932,74.123,0.126;69.422,74.092,0.184;68.911,74.062,0.241;68.400,74.032,0.296;67.889,74.002,0.350;67.379,73.971,0.425;66.868,73.941,0.500;66.901,73.418,0.488;66.935,72.896,0.517;66.968,72.373,0.547;67.002,71.850,0.584;67.035,71.327,0.637;67.069,70.805,0.683;67.102,70.282,0.706;67.135,69.759,0.698;67.169,69.237,0.718;67.202,68.714,0.723;67.236,68.191,0.710;67.269,67.668,0.703;67.303,67.146,0.685;67.336,66.623,0.663;67.369,66.100,0.639;67.403,65.578,0.620;67.436,65.055,0.603;67.470,64.532,0.599;67.503,64.009,0.655;67.537,63.487,0.667;67.570,62.964,0.685;68.083,62.995,0.606;68.596,63.026,0.557;69.109,63.057,0.508;69.622,63.088,0.456;70.135,63.119,0.394;70.648,63.150,0.333;71.161,63.181,0.266;71.674,63.212,0.209;72.187,63.243,0.152;72.700,63.274,0.088;73.213,63.305,0.013;73.726,63.336,-0.065;74.239,63.367,-0.187;74.752,63.398,-0.338;75.265,63.429,-0.491;75.778,63.460,-0.663;76.291,63.491,-0.850;76.255,64.089,-0.860;76.219,64.687,-0.854;76.182,65.285,-0.858;76.146,65.883,-0.870;76.110,66.481,-0.857;75.561,66.448,-0.728;75.012,66.416,-0.597;74.463,66.383,-0.450;73.864,66.347,-0.293;73.265,66.312,-0.145;72.666,66.276,0.003;72.466,66.264,0.053;72.267,66.252,0.097;72.091,66.242,0.128;71.916,66.231,0.158;71.434,66.203,0.240;70.952,66.174,0.319;70.935,66.173,0.321;70.918,66.172,0.323;70.935,66.173,0.321;70.952,66.174,0.319;70.935,66.173,0.321;70.918,66.172,0.323;70.918,66.172,0.323;70.918,66.173,0.323;70.918,66.174,0.323;70.917,66.176,0.323;70.884,66.732,0.333;70.851,67.288,0.342;70.818,67.844,0.341;70.785,68.400,0.320;70.752,68.956,0.298;70.719,69.512,0.274;70.704,69.761,0.263;70.690,70.010,0.252;70.672,70.310,0.238;70.654,70.610,0.218;70.654,70.610,0.218
G BAHCE-11 (P115-B02)|5.955|34.650,80.716;33.964,80.675;30.171,80.449;29.971,80.437;30.131,77.752;30.308,74.772;38.295,75.247;37.957,80.912;38.157,80.924;37.251,80.870;35.255,80.752|34.650,80.716,6.319;34.307,80.695,6.384;33.964,80.675,6.449;33.422,80.643,6.546;32.880,80.610,6.655;32.338,80.578,6.770;31.797,80.546,6.883;31.255,80.514,6.988;30.713,80.481,7.088;30.171,80.449,7.166;30.071,80.443,7.177;29.971,80.437,7.189;30.003,79.900,7.046;30.035,79.363,6.916;30.067,78.826,6.771;30.099,78.289,6.618;30.131,77.752,6.481;30.166,77.156,6.360;30.202,76.560,6.240;30.237,75.964,6.148;30.273,75.368,6.060;30.308,74.772,5.978;30.807,74.802,5.893;31.306,74.831,5.808;31.806,74.861,5.723;32.305,74.891,5.645;32.804,74.920,5.568;33.303,74.950,5.490;33.802,74.980,5.420;34.302,75.010,5.355;34.801,75.039,5.291;35.300,75.069,5.229;35.799,75.099,5.170;36.298,75.128,5.111;36.797,75.158,5.066;37.297,75.188,5.030;37.796,75.217,4.994;38.295,75.247,4.970;38.264,75.762,5.031;38.234,76.277,5.093;38.203,76.792,5.160;38.172,77.307,5.232;38.141,77.822,5.305;38.111,78.337,5.379;38.080,78.852,5.459;38.049,79.367,5.538;38.018,79.882,5.631;37.988,80.397,5.734;37.957,80.912,5.836;38.057,80.918,5.824;38.157,80.924,5.812;37.704,80.897,5.870;37.251,80.870,5.930;36.586,80.831,6.016;35.920,80.791,6.110;35.255,80.752,6.213;34.953,80.734,6.261
G BAHCE-12 (P116-B21)|1.080|109.359,71.183;109.468,69.346;109.518,68.505;109.518,68.498;109.696,65.510;117.681,65.992;117.344,71.658;114.643,71.497;114.037,71.461;113.352,71.420;109.558,71.195|109.359,71.183,1.657;109.395,70.571,1.581;109.432,69.958,1.496;109.468,69.346,1.414;109.493,68.925,1.357;109.518,68.505,1.293;109.518,68.501,1.293;109.518,68.498,1.292;109.554,67.900,1.205;109.589,67.303,1.115;109.625,66.705,1.020;109.660,66.108,0.925;109.696,65.510,0.826;110.228,65.542,0.813;110.761,65.574,0.798;111.293,65.606,0.783;111.825,65.639,0.769;112.358,65.671,0.753;112.890,65.703,0.744;113.422,65.735,0.742;113.955,65.767,0.735;114.487,65.799,0.728;115.019,65.831,0.693;115.552,65.863,0.656;116.084,65.896,0.611;116.616,65.928,0.514;117.149,65.960,0.416;117.681,65.992,0.323;117.650,66.507,0.408;117.620,67.022,0.494;117.589,67.537,0.588;117.558,68.052,0.691;117.528,68.567,0.793;117.497,69.083,0.887;117.467,69.598,0.936;117.436,70.113,0.985;117.405,70.628,1.036;117.375,71.143,1.088;117.344,71.658,1.140;116.804,71.626,1.190;116.264,71.594,1.240;115.723,71.561,1.288;115.183,71.529,1.334;114.643,71.497,1.380;114.340,71.479,1.404;114.037,71.461,1.425;113.695,71.441,1.450;113.352,71.420,1.473;112.810,71.388,1.504;112.268,71.356,1.529;111.726,71.324,1.557;111.184,71.291,1.581;110.642,71.259,1.602;110.100,71.227,1.626;109.558,71.195,1.649;109.459,71.189,1.653
G BAHCE-13 (P115-B11)|-2.586|141.134,81.362;149.120,81.837;148.937,84.905;148.778,87.591;148.578,87.579;144.785,87.353;140.792,87.116|141.134,81.362,-1.992;141.633,81.392,-2.119;142.132,81.421,-2.254;142.631,81.451,-2.383;143.130,81.481,-2.512;143.630,81.510,-2.644;144.129,81.540,-2.781;144.628,81.570,-2.930;145.127,81.600,-3.079;145.626,81.629,-3.237;146.125,81.659,-3.378;146.624,81.689,-3.592;147.124,81.718,-3.712;147.623,81.748,-3.819;148.122,81.778,-3.931;148.621,81.807,-4.117;149.120,81.837,-4.310;149.090,82.348,-4.412;149.059,82.860,-4.398;149.029,83.371,-4.328;148.998,83.882,-4.259;148.968,84.394,-4.197;148.937,84.905,-4.139;148.905,85.442,-4.080;148.873,85.979,-3.968;148.842,86.517,-3.824;148.810,87.054,-3.681;148.778,87.591,-3.511;148.678,87.585,-3.497;148.578,87.579,-3.483;148.036,87.547,-3.362;147.494,87.514,-3.223;146.952,87.482,-2.949;146.411,87.450,-2.684;145.869,87.418,-2.496;145.327,87.385,-2.199;144.785,87.353,-1.908;144.286,87.323,-1.673;143.787,87.294,-1.460;143.288,87.264,-1.254;142.788,87.234,-1.074;142.289,87.205,-0.930;141.790,87.175,-0.786;141.291,87.146,-0.646;140.792,87.116,-0.530;140.823,86.593,-0.564;140.854,86.070,-0.606;140.885,85.547,-0.648;140.916,85.024,-0.758;140.947,84.501,-0.879;140.979,83.977,-1.004;141.010,83.454,-1.213;141.041,82.931,-1.420;141.072,82.408,-1.609;141.103,81.885,-1.803
G BAHCE-14 (P115-B06)|3.380|91.772,78.427;91.594,81.418;91.535,82.416;91.434,84.103;91.235,84.092;87.442,83.866;83.648,83.640;83.449,83.628;83.712,77.948|91.772,78.427,3.081;91.736,79.025,3.224;91.701,79.623,3.377;91.665,80.222,3.527;91.630,80.820,3.673;91.594,81.418,3.826;91.564,81.917,3.956;91.535,82.416,4.093;91.501,82.978,4.243;91.468,83.541,4.386;91.434,84.103,4.526;91.334,84.097,4.525;91.235,84.092,4.523;90.693,84.060,4.514;90.151,84.027,4.493;89.609,83.995,4.466;89.068,83.963,4.437;88.526,83.931,4.395;87.984,83.898,4.352;87.442,83.866,4.303;86.900,83.834,4.257;86.358,83.801,4.213;85.816,83.769,4.159;85.274,83.737,4.114;84.732,83.705,4.073;84.190,83.672,3.999;83.648,83.640,3.919;83.548,83.634,3.905;83.449,83.628,3.890;83.473,83.112,3.672;83.497,82.595,3.469;83.521,82.079,3.212;83.545,81.563,2.943;83.569,81.046,2.677;83.592,80.530,2.412;83.616,80.013,2.170;83.640,79.497,2.023;83.664,78.981,1.948;83.688,78.464,1.857;83.712,77.948,1.768;84.216,77.978,1.983;84.720,78.008,2.151;85.223,78.038,2.263;85.727,78.068,2.375;86.231,78.098,2.468;86.734,78.128,2.539;87.238,78.158,2.610;87.742,78.188,2.677;88.246,78.217,2.734;88.750,78.247,2.791;89.253,78.277,2.845;89.757,78.307,2.897;90.261,78.337,2.949;90.764,78.367,2.992;91.268,78.397,3.035
G BAHCE-15 (P116-B15)|1.388|63.574,69.055;63.771,65.740;63.772,65.715;62.024,65.611;60.227,65.504;58.779,65.418;58.580,65.406;58.760,62.432;67.570,62.964;66.868,73.941;58.103,73.419;58.123,73.083;58.156,73.085;58.323,73.095;59.022,73.136;61.019,73.255;61.319,73.273;63.316,73.392;63.326,73.217;63.502,70.253;63.544,69.553|63.574,69.055,0.920;63.607,68.502,0.909;63.640,67.950,0.902;63.672,67.398,0.894;63.705,66.845,0.905;63.738,66.293,0.920;63.771,65.740,0.944;63.772,65.727,0.945;63.772,65.715,0.947;63.189,65.680,1.067;62.607,65.646,1.186;62.024,65.611,1.317;61.425,65.575,1.455;60.826,65.540,1.596;60.227,65.504,1.745;59.503,65.461,1.962;58.779,65.418,2.188;58.680,65.412,2.218;58.580,65.406,2.249;58.616,64.811,2.311;58.652,64.216,2.403;58.688,63.622,2.527;58.724,63.027,2.646;58.760,62.432,2.777;59.278,62.463,2.632;59.796,62.495,2.493;60.315,62.526,2.357;60.833,62.557,2.226;61.351,62.588,2.100;61.869,62.620,1.976;62.388,62.651,1.844;62.906,62.682,1.710;63.424,62.714,1.575;63.942,62.745,1.446;64.461,62.776,1.317;64.979,62.808,1.187;65.497,62.839,1.076;66.015,62.870,0.966;66.534,62.901,0.855;67.052,62.933,0.770;67.570,62.964,0.685;67.537,63.487,0.667;67.503,64.009,0.655;67.470,64.532,0.599;67.436,65.055,0.603;67.403,65.578,0.620;67.369,66.100,0.639;67.336,66.623,0.663;67.303,67.146,0.685;67.269,67.668,0.703;67.236,68.191,0.710;67.202,68.714,0.723;67.169,69.237,0.718;67.135,69.759,0.698;67.102,70.282,0.706;67.069,70.805,0.683;67.035,71.327,0.637;67.002,71.850,0.584;66.968,72.373,0.547;66.935,72.896,0.517;66.901,73.418,0.488;66.868,73.941,0.500;66.352,73.910,0.580;65.837,73.880,0.672;65.321,73.849,0.764;64.806,73.818,0.868;64.290,73.787,0.976;63.774,73.757,1.081;63.259,73.726,1.190;62.743,73.695,1.306;62.228,73.665,1.421;61.712,73.634,1.541;61.197,73.603,1.662;60.681,73.573,1.783;60.165,73.542,1.908;59.650,73.511,2.036;59.134,73.480,2.164;58.619,73.450,2.296;58.103,73.419,2.430;58.113,73.251,2.419;58.123,73.083,2.409;58.139,73.084,2.405;58.156,73.085,2.400;58.239,73.090,2.379;58.323,73.095,2.357;58.672,73.115,2.266;59.022,73.136,2.173;59.521,73.166,2.045;60.020,73.195,1.921;60.520,73.225,1.797;61.019,73.255,1.676;61.169,73.264,1.640;61.319,73.273,1.605;61.818,73.303,1.489;62.318,73.332,1.376;62.817,73.362,1.264;63.316,73.392,1.153;63.321,73.304,1.147;63.326,73.217,1.147;63.361,72.624,1.146;63.396,72.031,1.146;63.432,71.439,1.099;63.467,70.846,1.050;63.502,70.253,1.004;63.523,69.903,0.979;63.544,69.553,0.955;63.559,69.304,0.937
G BAHCE-16 (P116-B13)|4.909|42.131,72.469;30.538,71.780;37.035,61.119;42.789,61.467;42.608,64.456;42.408,64.445;37.615,64.160;37.450,64.150;37.416,64.148;37.415,64.151;37.217,67.487;37.187,67.986;37.152,68.586;37.146,68.685;36.959,71.824;37.458,71.854;37.558,71.860;38.257,71.901;38.357,71.907;38.956,71.943;39.256,71.961;41.252,72.079;42.151,72.133|42.131,72.469,4.683;41.627,72.439,4.680;41.123,72.409,4.676;40.619,72.379,4.678;40.115,72.349,4.682;39.611,72.319,4.686;39.107,72.289,4.700;38.603,72.259,4.718;38.099,72.229,4.735;37.595,72.199,4.776;37.091,72.169,4.824;36.587,72.139,4.871;36.082,72.110,4.927;35.578,72.080,4.986;35.074,72.050,5.046;34.570,72.020,5.107;34.066,71.990,5.168;33.562,71.960,5.230;33.058,71.930,5.298;32.554,71.900,5.368;32.050,71.870,5.438;31.546,71.840,5.516;31.042,71.810,5.594;30.538,71.780,5.671;30.809,71.336,5.609;31.079,70.892,5.547;31.350,70.447,5.487;31.621,70.003,5.439;31.892,69.559,5.395;32.162,69.115,5.353;32.433,68.671,5.321;32.704,68.226,5.291;32.974,67.782,5.260;33.245,67.338,5.233;33.516,66.894,5.212;33.786,66.450,5.194;34.057,66.005,5.176;34.328,65.561,5.169;34.599,65.117,5.159;34.869,64.673,5.147;35.140,64.228,5.144;35.411,63.784,5.145;35.681,63.340,5.146;35.952,62.896,5.148;36.223,62.452,5.152;36.494,62.007,5.157;36.764,61.563,5.164;37.035,61.119,5.185;37.558,61.151,5.119;38.081,61.182,5.046;38.604,61.214,4.981;39.127,61.246,4.921;39.650,61.277,4.868;40.174,61.309,4.822;40.697,61.340,4.776;41.220,61.372,4.729;41.743,61.404,4.696;42.266,61.435,4.662;42.789,61.467,4.634;42.753,62.065,4.624;42.717,62.663,4.615;42.680,63.260,4.612;42.644,63.858,4.606;42.608,64.456,4.600;42.508,64.451,4.602;42.408,64.445,4.605;41.875,64.413,4.619;41.343,64.382,4.633;40.810,64.350,4.651;40.278,64.318,4.670;39.745,64.287,4.689;39.213,64.255,4.730;38.680,64.223,4.773;38.148,64.192,4.817;37.615,64.160,4.873;37.532,64.155,4.882;37.450,64.150,4.891;37.433,64.149,4.893;37.416,64.148,4.895;37.415,64.149,4.895;37.415,64.151,4.895;37.382,64.707,4.865;37.349,65.263,4.840;37.316,65.819,4.816;37.283,66.375,4.798;37.250,66.931,4.783;37.217,67.487,4.768;37.202,67.737,4.765;37.187,67.986,4.763;37.169,68.286,4.760;37.152,68.586,4.758;37.149,68.636,4.757;37.146,68.685,4.757;37.115,69.208,4.758;37.084,69.731,4.766;37.053,70.255,4.771;37.021,70.778,4.783;36.990,71.301,4.800;36.959,71.824,4.820;37.209,71.839,4.796;37.458,71.854,4.772;37.508,71.857,4.767;37.558,71.860,4.762;37.907,71.880,4.729;38.257,71.901,4.710;38.307,71.904,4.709;38.357,71.907,4.707;38.657,71.925,4.696;38.956,71.943,4.685;39.106,71.952,4.680;39.256,71.961,4.675;39.921,72.000,4.662;40.587,72.040,4.656;41.252,72.079,4.655;41.702,72.106,4.657;42.151,72.133,4.660;42.141,72.301,4.671
G BAHCE-17 (P115-B10)|-0.336|132.806,86.641;132.915,84.804;132.966,83.956;133.148,80.888;141.134,81.362;140.792,87.116;138.090,86.955;137.485,86.919;133.006,86.653|132.806,86.641,0.808;132.842,86.029,0.755;132.879,85.416,0.700;132.915,84.804,0.641;132.940,84.380,0.598;132.966,83.956,0.543;132.996,83.445,0.461;133.027,82.933,0.397;133.057,82.422,0.330;133.087,81.911,0.254;133.118,81.399,0.164;133.148,80.888,0.053;133.647,80.918,-0.073;134.146,80.947,-0.205;134.645,80.977,-0.352;135.144,81.007,-0.498;135.644,81.036,-0.643;136.143,81.066,-0.786;136.642,81.095,-0.929;137.141,81.125,-1.056;137.640,81.155,-1.180;138.139,81.184,-1.305;138.638,81.214,-1.422;139.137,81.243,-1.527;139.637,81.273,-1.632;140.136,81.303,-1.744;140.635,81.332,-1.869;141.134,81.362,-1.992;141.103,81.885,-1.803;141.072,82.408,-1.609;141.041,82.931,-1.420;141.010,83.454,-1.213;140.979,83.977,-1.004;140.947,84.501,-0.879;140.916,85.024,-0.758;140.885,85.547,-0.648;140.854,86.070,-0.606;140.823,86.593,-0.564;140.792,87.116,-0.530;140.252,87.084,-0.403;139.711,87.052,-0.288;139.171,87.019,-0.183;138.630,86.987,-0.078;138.090,86.955,0.014;137.788,86.937,0.065;137.485,86.919,0.115;136.925,86.886,0.206;136.365,86.852,0.293;135.805,86.819,0.380;135.245,86.786,0.467;134.686,86.753,0.552;134.126,86.720,0.633;133.566,86.686,0.708;133.006,86.653,0.782;132.906,86.647,0.795
G BAHCE-18 (P116-B21)|1.003|125.033,77.124;108.163,76.121;106.166,76.002;105.996,75.992;105.866,75.984;105.267,75.949;105.167,75.943;104.468,75.901;104.369,75.895;103.869,75.865;104.056,72.727;104.062,72.627;104.098,72.027;104.127,71.529;104.325,68.192;104.326,68.189;104.360,68.191;104.525,68.201;109.319,68.486;109.518,68.498;109.518,68.505;109.468,69.346;109.359,71.183;109.558,71.195;113.352,71.420;114.037,71.461;114.643,71.497;117.344,71.658;121.337,71.895;125.131,72.121;125.330,72.133;125.490,69.448;125.690,69.459;130.483,69.745;130.682,69.756;130.683,69.756;130.681,69.782;130.484,73.096;130.454,73.595;130.413,74.294;130.236,77.259;130.226,77.433;128.229,77.314;127.929,77.296;125.933,77.178;125.233,77.136;125.066,77.126;125.034,77.124|125.033,77.124,1.027;124.522,77.094,1.066;124.011,77.063,1.106;123.499,77.033,1.149;122.988,77.002,1.189;122.477,76.972,1.224;121.966,76.942,1.260;121.455,76.911,1.295;120.943,76.881,1.328;120.432,76.850,1.361;119.921,76.820,1.393;119.410,76.790,1.425;118.898,76.759,1.457;118.387,76.729,1.489;117.876,76.698,1.520;117.365,76.668,1.550;116.854,76.638,1.586;116.342,76.607,1.623;115.831,76.577,1.659;115.320,76.547,1.699;114.809,76.516,1.740;114.298,76.486,1.779;113.786,76.455,1.818;113.275,76.425,1.857;112.764,76.395,1.894;112.253,76.364,1.929;111.741,76.334,1.964;111.230,76.303,1.990;110.719,76.273,2.010;110.208,76.243,2.030;109.697,76.212,2.048;109.185,76.182,2.057;108.674,76.151,2.066;108.163,76.121,2.078;107.664,76.091,2.091;107.165,76.061,2.112;106.665,76.032,2.138;106.166,76.002,2.164;106.081,75.997,2.169;105.996,75.992,2.173;105.931,75.988,2.176;105.866,75.984,2.180;105.566,75.966,2.194;105.267,75.949,2.211;105.217,75.946,2.214;105.167,75.943,2.217;104.817,75.922,2.237;104.468,75.901,2.254;104.418,75.898,2.256;104.369,75.895,2.258;104.119,75.880,2.267;103.869,75.865,2.277;103.900,75.342,2.249;103.931,74.819,2.217;103.963,74.296,2.177;103.994,73.773,2.136;104.025,73.250,2.083;104.056,72.727,2.016;104.059,72.677,2.009;104.062,72.627,2.003;104.080,72.327,1.965;104.098,72.027,1.927;104.112,71.778,1.892;104.127,71.529,1.857;104.160,70.973,1.778;104.193,70.417,1.698;104.226,69.861,1.614;104.259,69.304,1.529;104.292,68.748,1.442;104.325,68.192,1.352;104.326,68.190,1.352;104.326,68.189,1.352;104.343,68.190,1.352;104.360,68.191,1.352;104.442,68.196,1.352;104.525,68.201,1.352;105.058,68.233,1.355;105.590,68.264,1.357;106.123,68.296,1.353;106.656,68.328,1.349;107.188,68.359,1.344;107.721,68.391,1.336;108.254,68.423,1.325;108.786,68.454,1.312;109.319,68.486,1.298;109.418,68.492,1.295;109.518,68.498,1.292;109.518,68.501,1.293;109.518,68.505,1.293;109.493,68.925,1.357;109.468,69.346,1.414;109.432,69.958,1.496;109.395,70.571,1.581;109.359,71.183,1.657;109.459,71.189,1.653;109.558,71.195,1.649;110.100,71.227,1.626;110.642,71.259,1.602;111.184,71.291,1.581;111.726,71.324,1.557;112.268,71.356,1.529;112.810,71.388,1.504;113.352,71.420,1.473;113.695,71.441,1.450;114.037,71.461,1.425;114.340,71.479,1.404;114.643,71.497,1.380;115.183,71.529,1.334;115.723,71.561,1.288;116.264,71.594,1.240;116.804,71.626,1.190;117.344,71.658,1.140;117.843,71.688,1.094;118.342,71.717,1.047;118.841,71.747,0.999;119.340,71.776,0.952;119.840,71.806,0.905;120.339,71.836,0.857;120.838,71.865,0.813;121.337,71.895,0.769;121.879,71.927,0.722;122.421,71.960,0.675;122.963,71.992,0.627;123.505,72.024,0.581;124.047,72.056,0.540;124.589,72.089,0.498;125.131,72.121,0.440;125.231,72.127,0.420;125.330,72.133,0.400;125.362,71.596,0.313;125.394,71.059,0.223;125.426,70.522,0.125;125.458,69.985,0.012;125.490,69.448,-0.092;125.590,69.453,-0.116;125.690,69.459,-0.141;126.223,69.491,-0.265;126.755,69.523,-0.415;127.288,69.554,-0.600;127.820,69.586,-0.769;128.353,69.618,-0.943;128.885,69.650,-1.138;129.418,69.681,-1.351;129.950,69.713,-1.554;130.483,69.745,-1.747;130.582,69.751,-1.781;130.682,69.756,-1.814;130.683,69.756,-1.815;130.683,69.756,-1.815;130.682,69.769,-1.810;130.681,69.782,-1.805;130.648,70.334,-1.603;130.615,70.887,-1.411;130.583,71.439,-1.223;130.550,71.991,-1.049;130.517,72.544,-0.894;130.484,73.096,-0.724;130.469,73.346,-0.648;130.454,73.595,-0.577;130.434,73.945,-0.495;130.413,74.294,-0.404;130.378,74.887,-0.244;130.342,75.480,-0.106;130.307,76.073,0.019;130.271,76.666,0.128;130.236,77.259,0.222;130.231,77.346,0.236;130.226,77.433,0.250;129.727,77.403,0.361;129.228,77.374,0.460;128.728,77.344,0.546;128.229,77.314,0.628;128.079,77.305,0.652;127.929,77.296,0.674;127.264,77.257,0.756;126.598,77.217,0.851;125.933,77.178,0.923;125.583,77.157,0.961;125.233,77.136,1.003;125.150,77.131,1.013;125.066,77.126,1.023;125.050,77.125,1.025;125.034,77.124,1.027;125.034,77.124,1.027
G BAHCE-19 (P117-B28)|1.623|75.989,54.297;75.629,59.833;72.268,59.615;64.796,59.170;64.738,44.382;69.293,49.002;73.764,52.537|75.989,54.297,0.633;75.956,54.800,0.608;75.924,55.304,0.579;75.891,55.807,0.531;75.858,56.310,0.469;75.825,56.813,0.406;75.793,57.317,0.338;75.760,57.820,0.267;75.727,58.323,0.199;75.694,58.826,0.128;75.662,59.330,0.041;75.629,59.833,-0.046;75.069,59.797,0.124;74.509,59.760,0.285;73.948,59.724,0.439;73.388,59.688,0.523;72.828,59.651,0.606;72.268,59.615,0.678;71.734,59.583,0.728;71.201,59.551,0.777;70.667,59.520,0.823;70.133,59.488,0.878;69.599,59.456,0.935;69.066,59.424,1.022;68.532,59.392,1.114;67.998,59.361,1.205;67.465,59.329,1.320;66.931,59.297,1.439;66.397,59.265,1.561;65.863,59.234,1.697;65.330,59.202,1.830;64.796,59.170,1.966;64.794,58.660,2.051;64.792,58.150,2.133;64.790,57.640,2.213;64.788,57.130,2.292;64.786,56.620,2.353;64.784,56.110,2.412;64.782,55.600,2.470;64.780,55.091,2.519;64.778,54.581,2.568;64.776,54.071,2.617;64.774,53.561,2.649;64.772,53.051,2.679;64.770,52.541,2.706;64.768,52.031,2.710;64.766,51.521,2.718;64.764,51.011,2.726;64.762,50.501,2.706;64.760,49.991,2.692;64.758,49.481,2.676;64.756,48.971,2.642;64.754,48.461,2.608;64.752,47.952,2.576;64.750,47.442,2.538;64.748,46.932,2.500;64.746,46.422,2.470;64.744,45.912,2.426;64.742,45.402,2.382;64.740,44.892,2.353;64.738,44.382,2.353;65.118,44.767,2.270;65.497,45.152,2.209;65.877,45.537,2.166;66.256,45.922,2.124;66.636,46.307,2.085;67.016,46.692,2.056;67.395,47.077,2.033;67.775,47.462,2.009;68.154,47.847,1.989;68.534,48.232,1.964;68.913,48.617,1.932;69.293,49.002,1.901;69.699,49.323,1.864;70.106,49.645,1.823;70.512,49.966,1.772;70.919,50.287,1.713;71.325,50.609,1.653;71.732,50.930,1.592;72.138,51.252,1.522;72.545,51.573,1.448;72.951,51.894,1.371;73.358,52.216,1.287;73.764,52.537,1.205;74.209,52.889,1.137;74.654,53.241,1.069;75.099,53.593,0.958;75.544,53.945,0.834
G BAHCE-20 (P116-B13)|4.446|50.777,61.950;50.434,67.616;50.434,67.617;47.732,67.456;47.127,67.420;46.441,67.379;43.447,67.201;42.648,67.154;42.448,67.142;42.558,65.305;42.608,64.456;42.789,61.467|50.777,61.950,4.304;50.746,62.465,4.295;50.715,62.980,4.292;50.683,63.495,4.273;50.652,64.010,4.262;50.621,64.525,4.256;50.590,65.041,4.244;50.559,65.556,4.230;50.528,66.071,4.207;50.496,66.586,4.191;50.465,67.101,4.181;50.434,67.616,4.170;50.434,67.617,4.170;50.434,67.617,4.170;49.894,67.585,4.249;49.353,67.553,4.307;48.813,67.520,4.365;48.272,67.488,4.414;47.732,67.456,4.454;47.430,67.438,4.472;47.127,67.420,4.484;46.784,67.400,4.497;46.441,67.379,4.510;45.842,67.343,4.533;45.243,67.308,4.550;44.645,67.272,4.558;44.046,67.237,4.567;43.447,67.201,4.569;43.047,67.177,4.571;42.648,67.154,4.574;42.548,67.148,4.575;42.448,67.142,4.576;42.485,66.530,4.581;42.521,65.917,4.587;42.558,65.305,4.593;42.583,64.881,4.597;42.608,64.456,4.600;42.644,63.858,4.606;42.680,63.260,4.612;42.717,62.663,4.615;42.753,62.065,4.624;42.789,61.467,4.634;43.288,61.497,4.610;43.788,61.527,4.586;44.287,61.558,4.567;44.786,61.588,4.551;45.285,61.618,4.534;45.785,61.648,4.519;46.284,61.678,4.505;46.783,61.709,4.491;47.282,61.739,4.475;47.782,61.769,4.458;48.281,61.799,4.441;48.780,61.829,4.421;49.279,61.859,4.400;49.779,61.890,4.377;50.278,61.920,4.341
G BAHCE-21 (P117-B25)|3.661|59.849,43.312;59.615,58.862;54.084,58.533;54.414,42.974|59.849,43.312,3.365;59.841,43.814,3.342;59.834,44.315,3.321;59.826,44.817,3.301;59.819,45.318,3.279;59.811,45.820,3.272;59.804,46.322,3.265;59.796,46.823,3.269;59.789,47.325,3.278;59.781,47.827,3.285;59.774,48.328,3.298;59.766,48.830,3.315;59.758,49.331,3.335;59.751,49.833,3.357;59.743,50.335,3.380;59.736,50.836,3.401;59.728,51.338,3.421;59.721,51.839,3.442;59.713,52.341,3.465;59.706,52.843,3.482;59.698,53.344,3.498;59.690,53.846,3.511;59.683,54.347,3.515;59.675,54.849,3.516;59.668,55.351,3.519;59.660,55.852,3.509;59.653,56.354,3.494;59.645,56.856,3.467;59.638,57.357,3.432;59.630,57.859,3.394;59.623,58.360,3.344;59.615,58.862,3.270;59.112,58.832,3.380;58.609,58.802,3.473;58.107,58.772,3.566;57.604,58.742,3.664;57.101,58.712,3.739;56.598,58.683,3.807;56.095,58.653,3.876;55.592,58.623,3.933;55.090,58.593,3.985;54.587,58.563,4.038;54.084,58.533,4.084;54.095,58.031,4.093;54.105,57.529,4.112;54.116,57.027,4.131;54.127,56.525,4.132;54.137,56.023,4.131;54.148,55.522,4.129;54.159,55.020,4.110;54.169,54.518,4.092;54.180,54.016,4.074;54.190,53.514,4.050;54.201,53.012,4.026;54.212,52.510,4.002;54.222,52.008,3.977;54.233,51.506,3.951;54.244,51.004,3.925;54.254,50.503,3.898;54.265,50.001,3.872;54.276,49.499,3.846;54.286,48.997,3.821;54.297,48.495,3.794;54.308,47.993,3.768;54.318,47.491,3.753;54.329,46.989,3.738;54.339,46.487,3.722;54.350,45.985,3.720;54.361,45.484,3.717;54.371,44.982,3.715;54.382,44.480,3.735;54.393,43.978,3.756;54.403,43.476,3.777;54.414,42.974,3.814;54.958,43.008,3.783;55.501,43.042,3.752;56.044,43.075,3.720;56.588,43.109,3.682;57.132,43.143,3.645;57.675,43.177,3.595;58.218,43.211,3.540;58.762,43.244,3.482;59.305,43.278,3.424
G BAHCE-22 (P117-B25)|4.207|54.414,42.974;54.084,58.533;44.695,57.975;45.085,51.527;51.390,42.787|54.414,42.974,3.814;54.403,43.476,3.777;54.393,43.978,3.756;54.382,44.480,3.735;54.371,44.982,3.715;54.361,45.484,3.717;54.350,45.985,3.720;54.339,46.487,3.722;54.329,46.989,3.738;54.318,47.491,3.753;54.308,47.993,3.768;54.297,48.495,3.794;54.286,48.997,3.821;54.276,49.499,3.846;54.265,50.001,3.872;54.254,50.503,3.898;54.244,51.004,3.925;54.233,51.506,3.951;54.222,52.008,3.977;54.212,52.510,4.002;54.201,53.012,4.026;54.190,53.514,4.050;54.180,54.016,4.074;54.169,54.518,4.092;54.159,55.020,4.110;54.148,55.522,4.129;54.137,56.023,4.131;54.127,56.525,4.132;54.116,57.027,4.131;54.105,57.529,4.112;54.095,58.031,4.093;54.084,58.533,4.084;53.562,58.502,4.127;53.041,58.471,4.169;52.519,58.440,4.206;51.998,58.409,4.244;51.476,58.378,4.281;50.954,58.347,4.310;50.433,58.316,4.339;49.911,58.285,4.364;49.389,58.254,4.382;48.868,58.223,4.400;48.346,58.192,4.418;47.825,58.161,4.436;47.303,58.130,4.454;46.781,58.099,4.479;46.260,58.068,4.504;45.738,58.037,4.531;45.217,58.006,4.566;44.695,57.975,4.602;44.727,57.438,4.608;44.760,56.900,4.610;44.793,56.363,4.610;44.825,55.826,4.619;44.858,55.288,4.636;44.890,54.751,4.655;44.922,54.214,4.659;44.955,53.676,4.674;44.987,53.139,4.689;45.020,52.602,4.700;45.053,52.064,4.717;45.085,51.527,4.736;45.385,51.111,4.708;45.685,50.695,4.673;45.986,50.278,4.632;46.286,49.862,4.591;46.586,49.446,4.551;46.886,49.030,4.499;47.187,48.614,4.452;47.487,48.197,4.413;47.787,47.781,4.377;48.087,47.365,4.337;48.388,46.949,4.279;48.688,46.533,4.235;48.988,46.117,4.198;49.288,45.700,4.161;49.589,45.284,4.126;49.889,44.868,4.092;50.189,44.452,4.068;50.489,44.036,4.048;50.790,43.619,4.028;51.090,43.203,4.017;51.390,42.787,4.016;51.894,42.818,3.978;52.398,42.849,3.942;52.902,42.880,3.904;53.406,42.912,3.872;53.910,42.943,3.842
G BAHCE-23 (P115-B12)|-4.382|153.673,92.891;153.684,92.717;153.860,89.752;153.902,89.052;153.931,88.554;154.130,85.214;153.930,85.202;153.919,85.202;149.137,84.917;148.937,84.905;149.120,81.837;162.983,82.662;158.033,88.732;156.748,93.073|153.673,92.891,-2.143;153.678,92.804,-2.159;153.684,92.717,-2.174;153.719,92.124,-2.279;153.754,91.531,-2.383;153.790,90.938,-2.508;153.825,90.345,-2.632;153.860,89.752,-2.766;153.881,89.402,-2.853;153.902,89.052,-2.940;153.916,88.803,-2.996;153.931,88.554,-3.043;153.964,87.997,-3.219;153.997,87.441,-3.397;154.031,86.884,-3.540;154.064,86.327,-3.732;154.097,85.771,-3.937;154.130,85.214,-4.153;154.030,85.208,-4.169;153.930,85.202,-4.186;153.925,85.202,-4.187;153.919,85.202,-4.188;153.388,85.170,-4.287;152.856,85.139,-4.427;152.325,85.107,-4.557;151.794,85.075,-4.596;151.262,85.044,-4.596;150.731,85.012,-4.584;150.200,84.980,-4.466;149.668,84.949,-4.317;149.137,84.917,-4.201;149.037,84.911,-4.180;148.937,84.905,-4.139;148.968,84.394,-4.197;148.998,83.882,-4.259;149.029,83.371,-4.328;149.059,82.860,-4.398;149.090,82.348,-4.412;149.120,81.837,-4.310;149.633,81.868,-4.478;150.147,81.898,-4.675;150.660,81.929,-4.876;151.174,81.959,-5.030;151.687,81.990,-5.234;152.201,82.020,-5.444;152.714,82.051,-5.531;153.228,82.081,-5.594;153.741,82.112,-5.668;154.254,82.143,-5.679;154.768,82.173,-5.663;155.281,82.204,-5.650;155.795,82.234,-5.640;156.308,82.265,-5.637;156.822,82.295,-5.711;157.335,82.326,-5.808;157.849,82.356,-5.906;158.362,82.387,-6.045;158.875,82.418,-6.202;159.389,82.448,-6.359;159.902,82.479,-6.525;160.416,82.509,-6.695;160.929,82.540,-6.865;161.443,82.570,-7.051;161.956,82.601,-7.240;162.470,82.631,-7.428;162.983,82.662,-7.567;162.653,83.067,-7.300;162.323,83.471,-6.969;161.993,83.876,-6.632;161.663,84.281,-6.310;161.333,84.685,-5.978;161.003,85.090,-5.623;160.673,85.495,-5.316;160.343,85.899,-5.028;160.013,86.304,-4.739;159.683,86.709,-4.454;159.353,87.113,-4.185;159.023,87.518,-3.950;158.693,87.923,-3.733;158.363,88.327,-3.555;158.033,88.732,-3.373;157.890,89.214,-3.213;157.747,89.697,-3.055;157.605,90.179,-2.919;157.462,90.661,-2.792;157.319,91.144,-2.671;157.176,91.626,-2.557;157.034,92.108,-2.451;156.891,92.591,-2.353;156.748,93.073,-2.254;156.236,93.043,-2.217;155.723,93.012,-2.185;155.210,92.982,-2.153;154.698,92.952,-2.140;154.185,92.921,-2.142
G BAHCE-24 (P115-B09)|1.336|127.545,87.485;127.509,88.085;127.503,88.184;127.317,91.323;123.208,90.260;123.785,83.336;123.963,80.341;133.148,80.888;132.966,83.956;132.766,83.944;127.973,83.659;127.773,83.647;127.773,83.650;127.575,86.987|127.545,87.485,1.549;127.527,87.785,1.590;127.509,88.085,1.631;127.506,88.135,1.638;127.503,88.184,1.645;127.472,88.707,1.723;127.441,89.230,1.810;127.410,89.754,1.893;127.379,90.277,1.961;127.348,90.800,2.015;127.317,91.323,2.074;126.803,91.190,2.161;126.290,91.057,2.246;125.776,90.924,2.328;125.262,90.791,2.407;124.749,90.659,2.483;124.235,90.526,2.555;123.722,90.393,2.626;123.208,90.260,2.694;123.252,89.727,2.608;123.297,89.195,2.510;123.341,88.662,2.411;123.386,88.130,2.306;123.430,87.597,2.196;123.474,87.064,2.086;123.519,86.532,1.978;123.563,85.999,1.872;123.607,85.466,1.770;123.652,84.934,1.687;123.696,84.401,1.602;123.741,83.869,1.521;123.785,83.336,1.466;123.815,82.837,1.427;123.844,82.338,1.394;123.874,81.838,1.374;123.904,81.339,1.354;123.933,80.840,1.331;123.963,80.341,1.314;124.473,80.371,1.263;124.984,80.402,1.212;125.494,80.432,1.166;126.004,80.463,1.120;126.514,80.493,1.071;127.025,80.523,1.019;127.535,80.554,0.966;128.045,80.584,0.906;128.555,80.614,0.845;129.066,80.645,0.784;129.576,80.675,0.709;130.086,80.706,0.629;130.597,80.736,0.559;131.107,80.766,0.484;131.617,80.797,0.392;132.127,80.827,0.300;132.638,80.858,0.183;133.148,80.888,0.053;133.118,81.399,0.164;133.087,81.911,0.254;133.057,82.422,0.330;133.027,82.933,0.397;132.996,83.445,0.461;132.966,83.956,0.543;132.866,83.950,0.558;132.766,83.944,0.574;132.233,83.912,0.652;131.701,83.881,0.717;131.168,83.849,0.782;130.636,83.817,0.848;130.103,83.786,0.905;129.571,83.754,0.962;129.038,83.722,1.014;128.506,83.691,1.065;127.973,83.659,1.118;127.873,83.653,1.126;127.773,83.647,1.135;127.773,83.649,1.135;127.773,83.650,1.136;127.740,84.206,1.184;127.707,84.762,1.236;127.674,85.319,1.288;127.641,85.875,1.341;127.608,86.431,1.396;127.575,86.987,1.465;127.560,87.236,1.507
G BAHCE-25 (P117-B27)|2.976|64.738,44.382;64.796,59.170;59.615,58.862;59.849,43.312;59.849,39.379;60.183,39.762|64.738,44.382,2.353;64.740,44.892,2.353;64.742,45.402,2.382;64.744,45.912,2.426;64.746,46.422,2.470;64.748,46.932,2.500;64.750,47.442,2.538;64.752,47.952,2.576;64.754,48.461,2.608;64.756,48.971,2.642;64.758,49.481,2.676;64.760,49.991,2.692;64.762,50.501,2.706;64.764,51.011,2.726;64.766,51.521,2.718;64.768,52.031,2.710;64.770,52.541,2.706;64.772,53.051,2.679;64.774,53.561,2.649;64.776,54.071,2.617;64.778,54.581,2.568;64.780,55.091,2.519;64.782,55.600,2.470;64.784,56.110,2.412;64.786,56.620,2.353;64.788,57.130,2.292;64.790,57.640,2.213;64.792,58.150,2.133;64.794,58.660,2.051;64.796,59.170,1.966;64.278,59.139,2.102;63.760,59.108,2.240;63.242,59.078,2.378;62.724,59.047,2.514;62.206,59.016,2.650;61.687,58.985,2.781;61.169,58.954,2.910;60.651,58.924,3.038;60.133,58.893,3.154;59.615,58.862,3.270;59.623,58.360,3.344;59.630,57.859,3.394;59.638,57.357,3.432;59.645,56.856,3.467;59.653,56.354,3.494;59.660,55.852,3.509;59.668,55.351,3.519;59.675,54.849,3.516;59.683,54.347,3.515;59.690,53.846,3.511;59.698,53.344,3.498;59.706,52.843,3.482;59.713,52.341,3.465;59.721,51.839,3.442;59.728,51.338,3.421;59.736,50.836,3.401;59.743,50.335,3.380;59.751,49.833,3.357;59.758,49.331,3.335;59.766,48.830,3.315;59.774,48.328,3.298;59.781,47.827,3.285;59.789,47.325,3.278;59.796,46.823,3.269;59.804,46.322,3.265;59.811,45.820,3.272;59.819,45.318,3.279;59.826,44.817,3.301;59.834,44.315,3.321;59.841,43.814,3.342;59.849,43.312,3.365;59.849,42.750,3.398;59.849,42.188,3.432;59.849,41.626,3.457;59.849,41.065,3.480;59.849,40.503,3.513;59.849,39.941,3.530;59.849,39.379,3.531;60.016,39.570,3.505;60.183,39.762,3.479;60.563,40.147,3.418;60.942,40.532,3.349;61.322,40.917,3.274;61.701,41.302,3.199;62.081,41.687,3.120;62.460,42.072,3.016;62.840,42.457,2.898;63.220,42.842,2.779;63.599,43.227,2.659;63.979,43.612,2.546;64.358,43.997,2.439
G BAHCE-26 (P115-B01)|7.687|18.985,85.271;24.618,74.433;30.308,74.772;30.131,77.752;29.931,77.740;25.138,77.455;24.938,77.443;24.739,80.783;24.674,81.881;24.482,85.120;26.779,85.256;28.775,85.375;29.674,85.429;29.644,85.929;24.452,85.619|18.985,85.271,8.782;19.220,84.819,8.687;19.454,84.368,8.591;19.689,83.916,8.495;19.924,83.465,8.392;20.159,83.013,8.298;20.393,82.561,8.210;20.628,82.110,8.102;20.863,81.658,7.991;21.097,81.207,7.883;21.332,80.755,7.774;21.567,80.304,7.669;21.801,79.852,7.574;22.036,79.400,7.478;22.271,78.949,7.429;22.506,78.497,7.344;22.740,78.046,7.246;22.975,77.594,7.191;23.210,77.143,7.137;23.444,76.691,7.082;23.679,76.239,7.024;23.914,75.788,6.961;24.149,75.336,6.887;24.383,74.885,6.815;24.618,74.433,6.747;25.135,74.464,6.694;25.653,74.495,6.638;26.170,74.525,6.578;26.687,74.556,6.517;27.204,74.587,6.457;27.722,74.618,6.389;28.239,74.649,6.311;28.756,74.680,6.234;29.273,74.710,6.152;29.791,74.741,6.065;30.308,74.772,5.978;30.273,75.368,6.060;30.237,75.964,6.148;30.202,76.560,6.240;30.166,77.156,6.360;30.131,77.752,6.481;30.031,77.746,6.500;29.931,77.740,6.518;29.398,77.708,6.616;28.866,77.677,6.708;28.333,77.645,6.783;27.801,77.613,6.857;27.268,77.582,6.920;26.736,77.550,6.971;26.203,77.518,7.028;25.671,77.487,7.074;25.138,77.455,7.098;25.038,77.449,7.102;24.938,77.443,7.106;24.905,78.000,7.193;24.872,78.556,7.326;24.838,79.113,7.459;24.805,79.670,7.586;24.772,80.226,7.722;24.739,80.783,7.858;24.706,81.332,7.987;24.674,81.881,8.113;24.642,82.421,8.238;24.610,82.961,8.350;24.578,83.501,8.457;24.546,84.040,8.562;24.514,84.580,8.650;24.482,85.120,8.726;25.056,85.154,8.703;25.630,85.188,8.679;26.205,85.222,8.647;26.779,85.256,8.607;27.444,85.296,8.561;28.110,85.335,8.493;28.775,85.375,8.422;29.224,85.402,8.366;29.674,85.429,8.305;29.659,85.679,8.329;29.644,85.929,8.345;29.125,85.898,8.420;28.606,85.867,8.482;28.086,85.836,8.540;27.567,85.805,8.598;27.048,85.774,8.639;26.529,85.743,8.678;26.010,85.712,8.720;25.490,85.681,8.748;24.971,85.650,8.770;24.452,85.619,8.790;23.905,85.584,8.793;23.359,85.549,8.795;22.812,85.515,8.793;22.265,85.480,8.777;21.718,85.445,8.761;21.172,85.410,8.747;20.625,85.375,8.732;20.078,85.341,8.718;19.532,85.306,8.747
G BAHCE-27 (P115-B08)|3.895|91.772,78.427;100.958,78.973;100.780,81.968;100.483,88.366;96.330,89.403;96.340,89.229;96.517,86.265;96.558,85.565;96.588,85.067;96.787,81.727;96.587,81.715;91.794,81.430;91.594,81.418|91.772,78.427,3.081;92.282,78.457,3.116;92.793,78.488,3.141;93.303,78.518,3.160;93.813,78.548,3.163;94.324,78.579,3.163;94.834,78.609,3.168;95.344,78.639,3.154;95.855,78.670,3.135;96.365,78.700,3.120;96.875,78.730,3.104;97.386,78.761,3.082;97.896,78.791,3.047;98.406,78.821,3.008;98.917,78.852,2.960;99.427,78.882,2.904;99.937,78.912,2.855;100.448,78.943,2.798;100.958,78.973,2.738;100.928,79.472,2.792;100.899,79.971,2.867;100.869,80.471,2.942;100.839,80.970,3.017;100.810,81.469,3.135;100.780,81.968,3.255;100.755,82.501,3.386;100.731,83.034,3.531;100.706,83.567,3.680;100.681,84.101,3.825;100.656,84.634,3.963;100.632,85.167,4.110;100.607,85.700,4.249;100.582,86.233,4.375;100.557,86.767,4.502;100.532,87.300,4.617;100.508,87.833,4.724;100.483,88.366,4.829;99.964,88.496,4.903;99.445,88.625,4.968;98.926,88.755,5.026;98.406,88.885,5.085;97.887,89.014,5.141;97.368,89.144,5.192;96.849,89.273,5.242;96.330,89.403,5.289;96.335,89.316,5.278;96.340,89.229,5.267;96.375,88.636,5.192;96.411,88.043,5.094;96.446,87.451,4.990;96.482,86.858,4.881;96.517,86.265,4.753;96.537,85.915,4.677;96.558,85.565,4.601;96.573,85.316,4.543;96.588,85.067,4.485;96.621,84.510,4.354;96.654,83.954,4.221;96.688,83.397,4.088;96.721,82.840,3.955;96.754,82.284,3.823;96.787,81.727,3.700;96.687,81.721,3.710;96.587,81.715,3.716;96.054,81.683,3.747;95.522,81.652,3.779;94.989,81.620,3.815;94.457,81.588,3.827;93.924,81.557,3.841;93.392,81.525,3.857;92.859,81.493,3.856;92.327,81.462,3.849;91.794,81.430,3.835;91.694,81.424,3.831;91.594,81.418,3.826;91.630,80.820,3.673;91.665,80.222,3.527;91.701,79.623,3.377;91.736,79.025,3.224
G BAHCE-28 (P115-B05)|1.901|70.160,84.697;69.974,87.836;65.970,87.836;66.437,79.924;66.615,76.931;83.712,77.948;83.449,83.628;83.249,83.617;80.747,83.468;80.141,83.432;79.456,83.391;76.461,83.213;75.662,83.165;75.463,83.153;75.572,81.317;75.622,80.468;75.423,80.456;73.975,80.370;72.179,80.263;71.779,80.240;71.428,80.219;70.430,80.159;70.430,80.163;70.231,83.499;70.233,83.499;70.204,83.998;70.202,83.998;70.166,84.597|70.160,84.697,2.510;70.129,85.220,2.696;70.098,85.743,2.822;70.067,86.267,2.879;70.036,86.790,2.927;70.005,87.313,2.946;69.974,87.836,2.950;69.474,87.836,3.098;68.973,87.836,3.185;68.472,87.836,3.271;67.972,87.836,3.354;67.472,87.836,3.421;66.971,87.836,3.481;66.471,87.836,3.531;65.970,87.836,3.556;66.001,87.309,3.547;66.032,86.781,3.500;66.063,86.254,3.402;66.095,85.726,3.295;66.126,85.199,3.160;66.157,84.671,3.000;66.188,84.144,2.839;66.219,83.616,2.656;66.250,83.089,2.466;66.281,82.561,2.284;66.312,82.034,2.130;66.344,81.506,1.975;66.375,80.979,1.821;66.406,80.451,1.664;66.437,79.924,1.507;66.473,79.325,1.341;66.508,78.727,1.192;66.544,78.128,1.046;66.579,77.530,0.925;66.615,76.931,0.816;67.118,76.961,0.758;67.621,76.991,0.702;68.124,77.021,0.663;68.626,77.051,0.636;69.129,77.081,0.605;69.632,77.110,0.576;70.135,77.140,0.554;70.638,77.170,0.533;71.141,77.200,0.512;71.644,77.230,0.493;72.146,77.260,0.460;72.649,77.290,0.428;73.152,77.320,0.402;73.655,77.350,0.373;74.158,77.380,0.346;74.661,77.410,0.326;75.163,77.439,0.309;75.666,77.469,0.298;76.169,77.499,0.299;76.672,77.529,0.299;77.175,77.559,0.308;77.678,77.589,0.335;78.181,77.619,0.363;78.683,77.649,0.424;79.186,77.679,0.496;79.689,77.709,0.556;80.192,77.739,0.653;80.695,77.769,0.771;81.198,77.798,0.882;81.701,77.828,0.993;82.203,77.858,1.170;82.706,77.888,1.357;83.209,77.918,1.554;83.712,77.948,1.768;83.688,78.464,1.857;83.664,78.981,1.948;83.640,79.497,2.023;83.616,80.013,2.170;83.592,80.530,2.412;83.569,81.046,2.677;83.545,81.563,2.943;83.521,82.079,3.212;83.497,82.595,3.469;83.473,83.112,3.672;83.449,83.628,3.890;83.349,83.623,3.876;83.249,83.617,3.861;82.749,83.587,3.788;82.248,83.557,3.655;81.748,83.528,3.494;81.247,83.498,3.303;80.747,83.468,3.076;80.444,83.450,2.936;80.141,83.432,2.795;79.799,83.412,2.698;79.456,83.391,2.645;78.957,83.361,2.519;78.458,83.332,2.390;77.959,83.302,2.310;77.459,83.272,2.246;76.960,83.243,2.194;76.461,83.213,2.093;76.061,83.189,2.036;75.662,83.165,1.997;75.562,83.159,1.987;75.463,83.153,1.976;75.499,82.541,1.862;75.536,81.929,1.682;75.572,81.317,1.499;75.597,80.892,1.365;75.622,80.468,1.215;75.523,80.462,1.212;75.423,80.456,1.212;74.699,80.413,1.212;73.975,80.370,1.180;73.376,80.334,1.160;72.778,80.299,1.165;72.179,80.263,1.190;71.979,80.251,1.199;71.779,80.240,1.209;71.603,80.230,1.220;71.428,80.219,1.232;70.929,80.189,1.265;70.430,80.159,1.304;70.430,80.161,1.304;70.430,80.163,1.305;70.397,80.719,1.445;70.364,81.275,1.582;70.331,81.831,1.714;70.297,82.387,1.842;70.264,82.943,2.020;70.231,83.499,2.202;70.232,83.499,2.202;70.233,83.499,2.202;70.219,83.749,2.279;70.204,83.998,2.357;70.203,83.998,2.357;70.202,83.998,2.357;70.184,84.297,2.421;70.166,84.597,2.484;70.163,84.647,2.494
G BAHCE-29 (P115-B04)|4.425|55.277,79.273;54.768,87.454;51.293,87.238;45.615,86.900;45.646,86.378;46.545,86.432;48.541,86.551;50.838,86.687;51.025,83.549;51.067,82.849;51.096,82.351;51.295,79.011;51.095,78.999;49.946,78.931;49.546,78.907;47.750,78.800;46.302,78.714;46.102,78.702;46.279,75.721;55.455,76.267|55.277,79.273,3.667;55.245,79.784,3.720;55.213,80.296,3.772;55.182,80.807,3.817;55.150,81.318,3.864;55.118,81.830,3.912;55.086,82.341,3.965;55.054,82.852,4.018;55.023,83.363,4.065;54.991,83.875,4.107;54.959,84.386,4.148;54.927,84.897,4.189;54.895,85.409,4.236;54.863,85.920,4.288;54.832,86.431,4.326;54.800,86.943,4.364;54.768,87.454,4.401;54.189,87.418,4.448;53.610,87.382,4.494;53.031,87.346,4.546;52.451,87.310,4.589;51.872,87.274,4.632;51.293,87.238,4.685;50.777,87.207,4.725;50.261,87.177,4.763;49.744,87.146,4.805;49.228,87.115,4.849;48.712,87.084,4.894;48.196,87.054,4.945;47.680,87.023,4.996;47.164,86.992,5.048;46.647,86.961,5.110;46.131,86.931,5.176;45.615,86.900,5.241;45.630,86.639,5.212;45.646,86.378,5.183;46.096,86.405,5.134;46.545,86.432,5.077;47.210,86.472,4.998;47.876,86.511,4.929;48.541,86.551,4.862;49.115,86.585,4.813;49.689,86.619,4.762;50.264,86.653,4.714;50.838,86.687,4.669;50.869,86.164,4.628;50.900,85.641,4.590;50.931,85.118,4.559;50.963,84.595,4.531;50.994,84.072,4.511;51.025,83.549,4.508;51.046,83.199,4.500;51.067,82.849,4.492;51.081,82.600,4.486;51.096,82.351,4.476;51.129,81.794,4.450;51.162,81.238,4.424;51.195,80.681,4.390;51.229,80.124,4.351;51.262,79.568,4.312;51.295,79.011,4.278;51.195,79.005,4.291;51.095,78.999,4.304;50.520,78.965,4.372;49.946,78.931,4.438;49.746,78.919,4.460;49.546,78.907,4.481;48.947,78.871,4.548;48.349,78.836,4.619;47.750,78.800,4.682;47.026,78.757,4.764;46.302,78.714,4.834;46.202,78.708,4.844;46.102,78.702,4.855;46.137,78.106,4.835;46.173,77.510,4.814;46.208,76.913,4.786;46.244,76.317,4.758;46.279,75.721,4.732;46.789,75.751,4.690;47.299,75.782,4.643;47.808,75.812,4.592;48.318,75.842,4.537;48.828,75.873,4.474;49.338,75.903,4.407;49.847,75.933,4.341;50.357,75.964,4.268;50.867,75.994,4.192;51.377,76.024,4.112;51.887,76.055,4.029;52.396,76.085,3.945;52.906,76.115,3.854;53.416,76.146,3.748;53.926,76.176,3.650;54.435,76.206,3.552;54.945,76.237,3.443;55.455,76.267,3.331;55.425,76.768,3.382;55.396,77.269,3.437;55.366,77.770,3.497;55.336,78.271,3.556;55.307,78.772,3.615
G BAHCE-30 (P116-B24)|-1.437|134.203,77.945;130.226,77.708;130.226,77.433;130.236,77.259;130.413,74.294;130.454,73.595;130.484,73.096;130.681,69.782;130.683,69.756;130.682,69.756;130.483,69.745;125.690,69.459;125.490,69.448;125.667,66.475;134.862,67.031;134.219,77.670|134.203,77.945,-0.989;133.635,77.911,-0.738;133.067,77.877,-0.508;132.499,77.843,-0.279;131.930,77.810,-0.119;131.362,77.776,0.041;130.794,77.742,0.166;130.226,77.708,0.291;130.226,77.571,0.270;130.226,77.433,0.250;130.231,77.346,0.236;130.236,77.259,0.222;130.271,76.666,0.128;130.307,76.073,0.019;130.342,75.480,-0.106;130.378,74.887,-0.244;130.413,74.294,-0.404;130.434,73.945,-0.495;130.454,73.595,-0.577;130.469,73.346,-0.648;130.484,73.096,-0.724;130.517,72.544,-0.894;130.550,71.991,-1.049;130.583,71.439,-1.223;130.615,70.887,-1.411;130.648,70.334,-1.603;130.681,69.782,-1.805;130.682,69.769,-1.810;130.683,69.756,-1.815;130.683,69.756,-1.815;130.682,69.756,-1.814;130.582,69.751,-1.781;130.483,69.745,-1.747;129.950,69.713,-1.554;129.418,69.681,-1.351;128.885,69.650,-1.138;128.353,69.618,-0.943;127.820,69.586,-0.769;127.288,69.554,-0.600;126.755,69.523,-0.415;126.223,69.491,-0.265;125.690,69.459,-0.141;125.590,69.453,-0.116;125.490,69.448,-0.092;125.525,68.853,-0.206;125.561,68.259,-0.324;125.596,67.664,-0.484;125.632,67.070,-0.642;125.667,66.475,-0.800;126.178,66.506,-0.938;126.689,66.537,-1.098;127.200,66.568,-1.300;127.710,66.599,-1.512;128.221,66.629,-1.732;128.732,66.660,-1.964;129.243,66.691,-2.197;129.754,66.722,-2.437;130.264,66.753,-2.685;130.775,66.784,-2.923;131.286,66.815,-3.226;131.797,66.846,-3.580;132.308,66.877,-3.853;132.819,66.907,-4.241;133.329,66.938,-4.608;133.840,66.969,-4.877;134.351,67.000,-5.061;134.862,67.031,-5.205;134.831,67.538,-4.925;134.801,68.044,-4.259;134.770,68.551,-3.568;134.740,69.057,-2.903;134.709,69.564,-2.546;134.678,70.071,-2.259;134.648,70.577,-2.007;134.617,71.084,-1.814;134.586,71.591,-1.624;134.556,72.097,-1.443;134.525,72.604,-1.299;134.495,73.110,-1.170;134.464,73.617,-1.157;134.433,74.124,-1.248;134.403,74.630,-1.161;134.372,75.137,-1.127;134.341,75.644,-1.234;134.311,76.150,-1.341;134.280,76.657,-1.317;134.250,77.163,-1.183;134.219,77.670,-1.057;134.211,77.808,-1.023
G BAHCE-31 (P117-B29)|-3.016|86.961,56.121;86.687,60.735;84.191,60.587;84.724,51.759;90.203,48.722;95.617,45.049;95.125,53.602;95.095,54.101;95.089,54.200;95.051,54.849;95.042,54.999;95.012,55.498;94.947,56.597;90.954,56.359;87.959,56.181|86.961,56.121,-3.227;86.931,56.634,-3.165;86.900,57.146,-3.103;86.870,57.659,-3.057;86.839,58.172,-2.963;86.809,58.684,-2.804;86.778,59.197,-2.604;86.748,59.710,-2.506;86.717,60.222,-2.361;86.687,60.735,-2.141;86.188,60.705,-2.400;85.689,60.676,-2.575;85.189,60.646,-2.686;84.690,60.617,-2.714;84.191,60.587,-2.693;84.222,60.068,-2.765;84.254,59.548,-2.790;84.285,59.029,-2.807;84.316,58.510,-2.818;84.348,57.991,-2.798;84.379,57.471,-2.780;84.410,56.952,-2.761;84.442,56.433,-2.723;84.473,55.913,-2.686;84.505,55.394,-2.646;84.536,54.875,-2.602;84.567,54.355,-2.558;84.599,53.836,-2.499;84.630,53.317,-2.409;84.661,52.798,-2.320;84.693,52.278,-2.208;84.724,51.759,-2.072;85.181,51.506,-2.143;85.637,51.253,-2.213;86.094,51.000,-2.283;86.550,50.747,-2.383;87.007,50.494,-2.482;87.464,50.240,-2.582;87.920,49.987,-2.675;88.377,49.734,-2.811;88.833,49.481,-2.950;89.290,49.228,-3.076;89.746,48.975,-3.192;90.203,48.722,-3.309;90.619,48.439,-3.403;91.036,48.157,-3.493;91.452,47.874,-3.589;91.869,47.592,-3.677;92.285,47.309,-3.743;92.702,47.027,-3.814;93.118,46.744,-3.932;93.535,46.462,-4.045;93.951,46.179,-4.118;94.368,45.897,-4.191;94.784,45.614,-4.264;95.201,45.332,-4.301;95.617,45.049,-4.329;95.588,45.552,-4.318;95.559,46.055,-4.332;95.530,46.558,-4.341;95.501,47.061,-4.293;95.472,47.565,-4.273;95.443,48.068,-4.249;95.414,48.571,-4.196;95.385,49.074,-4.142;95.357,49.577,-4.062;95.328,50.080,-3.979;95.299,50.583,-3.898;95.270,51.086,-3.810;95.241,51.590,-3.688;95.212,52.093,-3.567;95.183,52.596,-3.428;95.154,53.099,-3.223;95.125,53.602,-3.023;95.110,53.852,-2.923;95.095,54.101,-2.810;95.092,54.151,-2.787;95.089,54.200,-2.764;95.070,54.525,-2.613;95.051,54.849,-2.463;95.047,54.924,-2.428;95.042,54.999,-2.393;95.027,55.248,-2.277;95.012,55.498,-2.161;94.980,56.047,-1.911;94.947,56.597,-1.661;94.448,56.567,-1.812;93.949,56.538,-1.969;93.450,56.508,-2.126;92.951,56.478,-2.280;92.451,56.448,-2.430;91.952,56.419,-2.566;91.453,56.389,-2.704;90.954,56.359,-2.828;90.455,56.329,-2.923;89.956,56.300,-2.973;89.457,56.270,-3.060;88.957,56.240,-3.157;88.458,56.211,-3.156;87.959,56.181,-3.179;87.460,56.151,-3.225
G BAHCE-32 (P117-B29)|-3.016|86.687,60.735;84.191,60.587;84.724,51.759;90.203,48.722;95.617,45.049;95.125,53.602;95.095,54.101;95.089,54.200;95.051,54.849;95.042,54.999;95.012,55.498;94.947,56.597;90.954,56.359;87.959,56.181;86.961,56.121|86.687,60.735,-2.141;86.188,60.705,-2.400;85.689,60.676,-2.575;85.189,60.646,-2.686;84.690,60.617,-2.714;84.191,60.587,-2.693;84.222,60.068,-2.765;84.254,59.548,-2.790;84.285,59.029,-2.807;84.316,58.510,-2.818;84.348,57.991,-2.798;84.379,57.471,-2.780;84.410,56.952,-2.761;84.442,56.433,-2.723;84.473,55.913,-2.686;84.505,55.394,-2.646;84.536,54.875,-2.602;84.567,54.355,-2.558;84.599,53.836,-2.499;84.630,53.317,-2.409;84.661,52.798,-2.320;84.693,52.278,-2.208;84.724,51.759,-2.072;85.181,51.506,-2.143;85.637,51.253,-2.213;86.094,51.000,-2.283;86.550,50.747,-2.383;87.007,50.494,-2.482;87.464,50.240,-2.582;87.920,49.987,-2.675;88.377,49.734,-2.811;88.833,49.481,-2.950;89.290,49.228,-3.076;89.746,48.975,-3.192;90.203,48.722,-3.309;90.619,48.439,-3.403;91.036,48.157,-3.493;91.452,47.874,-3.589;91.869,47.592,-3.677;92.285,47.309,-3.743;92.702,47.027,-3.814;93.118,46.744,-3.932;93.535,46.462,-4.045;93.951,46.179,-4.118;94.368,45.897,-4.191;94.784,45.614,-4.264;95.201,45.332,-4.301;95.617,45.049,-4.329;95.588,45.552,-4.318;95.559,46.055,-4.332;95.530,46.558,-4.341;95.501,47.061,-4.293;95.472,47.565,-4.273;95.443,48.068,-4.249;95.414,48.571,-4.196;95.385,49.074,-4.142;95.357,49.577,-4.062;95.328,50.080,-3.979;95.299,50.583,-3.898;95.270,51.086,-3.810;95.241,51.590,-3.688;95.212,52.093,-3.567;95.183,52.596,-3.428;95.154,53.099,-3.223;95.125,53.602,-3.023;95.110,53.852,-2.923;95.095,54.101,-2.810;95.092,54.151,-2.787;95.089,54.200,-2.764;95.070,54.525,-2.613;95.051,54.849,-2.463;95.047,54.924,-2.428;95.042,54.999,-2.393;95.027,55.248,-2.277;95.012,55.498,-2.161;94.980,56.047,-1.911;94.947,56.597,-1.661;94.448,56.567,-1.812;93.949,56.538,-1.969;93.450,56.508,-2.126;92.951,56.478,-2.280;92.451,56.448,-2.430;91.952,56.419,-2.566;91.453,56.389,-2.704;90.954,56.359,-2.828;90.455,56.329,-2.923;89.956,56.300,-2.973;89.457,56.270,-3.060;88.957,56.240,-3.157;88.458,56.211,-3.156;87.959,56.181,-3.179;87.460,56.151,-3.225;86.961,56.121,-3.227;86.931,56.634,-3.165;86.900,57.146,-3.103;86.870,57.659,-3.057;86.839,58.172,-2.963;86.809,58.684,-2.804;86.778,59.197,-2.604;86.748,59.710,-2.506;86.717,60.222,-2.361
