B P115-B01 7.658 24.925,77.455;30.117,77.764;29.661,85.440;24.468,85.132 | 24.925,77.455,7.108;25.444,77.486,7.089;25.963,77.517,7.059;26.482,77.548,6.998;27.002,77.579,6.948;27.521,77.610,6.898;28.040,77.640,6.826;28.559,77.671,6.755;29.079,77.702,6.677;29.598,77.733,6.582;30.117,77.764,6.487;30.087,78.276,6.617;30.056,78.787,6.763;30.026,79.299,6.902;29.995,79.811,7.027;29.965,80.323,7.159;29.935,80.835,7.299;29.904,81.346,7.425;29.874,81.858,7.543;29.843,82.370,7.672;29.813,82.882,7.796;29.782,83.393,7.918;29.752,83.905,8.039;29.721,84.417,8.134;29.691,84.929,8.223;29.661,85.440,8.309;29.141,85.409,8.380;28.622,85.379,8.440;28.103,85.348,8.495;27.584,85.317,8.550;27.064,85.286,8.589;26.545,85.255,8.625;26.026,85.224,8.663;25.507,85.193,8.686;24.987,85.162,8.708;24.468,85.132,8.729;24.499,84.620,8.656;24.529,84.108,8.574;24.560,83.596,8.476;24.590,83.085,8.375;24.620,82.573,8.273;24.651,82.061,8.155;24.681,81.549,8.038;24.712,81.037,7.920;24.742,80.526,7.796;24.773,80.014,7.671;24.803,79.502,7.547;24.833,78.990,7.430;24.864,78.479,7.308;24.894,77.967,7.188
B P115-B02 7.024 29.957,80.449;37.943,80.924;37.647,85.915;29.661,85.440 | 29.957,80.449,7.194;30.457,80.479,7.136;30.956,80.509,7.047;31.455,80.538,6.955;31.954,80.568,6.855;32.453,80.598,6.750;32.952,80.627,6.644;33.451,80.657,6.543;33.950,80.687,6.455;34.450,80.716,6.360;34.949,80.746,6.265;35.448,80.776,6.186;35.947,80.805,6.109;36.446,80.835,6.034;36.945,80.865,5.973;37.444,80.894,5.907;37.943,80.924,5.841;37.914,81.423,5.955;37.884,81.922,6.070;37.854,82.421,6.185;37.825,82.921,6.275;37.795,83.420,6.361;37.765,83.919,6.454;37.736,84.418,6.537;37.706,84.917,6.610;37.676,85.416,6.683;37.647,85.915,6.752;37.147,85.886,6.867;36.648,85.856,6.982;36.149,85.826,7.091;35.650,85.797,7.203;35.151,85.767,7.315;34.652,85.737,7.419;34.153,85.708,7.521;33.654,85.678,7.622;33.154,85.648,7.719;32.655,85.618,7.816;32.156,85.589,7.913;31.657,85.559,7.998;31.158,85.529,8.083;30.659,85.500,8.167;30.160,85.470,8.240;29.661,85.440,8.309;29.690,84.941,8.225;29.720,84.442,8.139;29.750,83.943,8.048;29.779,83.444,7.930;29.809,82.945,7.811;29.839,82.446,7.692;29.868,81.947,7.565;29.898,81.447,7.448;29.928,80.948,7.330
B P115-B03 5.688 37.943,80.924;45.929,81.399;45.632,86.390;37.647,85.915 | 37.943,80.924,5.841;38.476,80.956,5.777;39.008,80.987,5.715;39.541,81.019,5.651;40.073,81.051,5.593;40.605,81.082,5.535;41.138,81.114,5.477;41.670,81.146,5.418;42.202,81.177,5.361;42.735,81.209,5.304;43.267,81.241,5.245;43.800,81.272,5.186;44.332,81.304,5.130;44.864,81.336,5.076;45.397,81.367,5.023;45.929,81.399,4.971;45.900,81.898,4.991;45.870,82.397,5.011;45.840,82.896,5.015;45.811,83.396,5.019;45.781,83.895,5.023;45.751,84.394,5.038;45.721,84.893,5.060;45.692,85.392,5.083;45.662,85.891,5.131;45.632,86.390,5.186;45.100,86.359,5.262;44.568,86.327,5.342;44.035,86.295,5.413;43.503,86.264,5.504;42.970,86.232,5.600;42.438,86.200,5.702;41.906,86.169,5.813;41.373,86.137,5.923;40.841,86.105,6.035;40.308,86.074,6.154;39.776,86.042,6.271;39.244,86.010,6.389;38.711,85.979,6.510;38.179,85.947,6.633;37.647,85.915,6.752;37.676,85.416,6.683;37.706,84.917,6.610;37.736,84.418,6.537;37.765,83.919,6.454;37.795,83.420,6.361;37.825,82.921,6.275;37.854,82.421,6.185;37.884,81.922,6.070;37.914,81.423,5.955
B P115-B04 4.749 46.089,78.714;51.281,79.023;50.825,86.699;45.632,86.390 | 46.089,78.714,4.856;46.608,78.745,4.805;47.127,78.776,4.753;47.647,78.806,4.694;48.166,78.837,4.638;48.685,78.868,4.581;49.204,78.899,4.519;49.724,78.930,4.463;50.243,78.961,4.405;50.762,78.992,4.345;51.281,79.023,4.281;51.251,79.534,4.312;51.220,80.046,4.347;51.190,80.558,4.383;51.160,81.070,4.417;51.129,81.581,4.441;51.099,82.093,4.466;51.068,82.605,4.487;51.038,83.117,4.500;51.007,83.628,4.509;50.977,84.140,4.515;50.947,84.652,4.535;50.916,85.164,4.563;50.886,85.675,4.594;50.855,86.187,4.631;50.825,86.699,4.671;50.306,86.668,4.712;49.786,86.637,4.755;49.267,86.606,4.801;48.748,86.575,4.846;48.229,86.545,4.894;47.709,86.514,4.947;47.190,86.483,5.001;46.671,86.452,5.063;46.152,86.421,5.128;45.632,86.390,5.186;45.663,85.878,5.130;45.693,85.367,5.082;45.724,84.855,5.059;45.754,84.343,5.036;45.785,83.831,5.022;45.815,83.320,5.019;45.845,82.808,5.015;45.876,82.296,5.007;45.906,81.784,4.986;45.937,81.273,4.967;45.967,80.761,4.944;45.998,80.249,4.920;46.028,79.737,4.898;46.058,79.226,4.877
B P115-B05 2.002 70.427,80.158;75.619,80.466;75.163,88.143;69.971,87.834 | 70.427,80.158,1.304;70.946,80.189,1.264;71.466,80.219,1.229;71.985,80.250,1.199;72.504,80.281,1.174;73.023,80.312,1.157;73.542,80.343,1.165;74.062,80.374,1.183;74.581,80.405,1.206;75.100,80.436,1.218;75.619,80.466,1.215;75.589,80.978,1.396;75.559,81.490,1.551;75.528,82.002,1.704;75.498,82.513,1.856;75.467,83.025,1.952;75.437,83.537,2.047;75.406,84.049,2.141;75.376,84.561,2.208;75.346,85.072,2.273;75.315,85.584,2.338;75.285,86.096,2.381;75.254,86.608,2.417;75.224,87.119,2.455;75.193,87.631,2.497;75.163,88.143,2.540;74.644,88.112,2.518;74.124,88.081,2.497;73.605,88.050,2.509;73.086,88.019,2.531;72.567,87.988,2.556;72.047,87.958,2.608;71.528,87.927,2.666;71.009,87.896,2.725;70.490,87.865,2.828;69.971,87.834,2.951;70.001,87.322,2.947;70.031,86.811,2.929;70.062,86.299,2.884;70.092,85.787,2.827;70.123,85.275,2.716;70.153,84.764,2.534;70.184,84.252,2.412;70.214,83.740,2.277;70.244,83.228,2.117;70.275,82.716,1.943;70.305,82.205,1.801;70.336,81.693,1.683;70.366,81.181,1.560;70.397,80.669,1.433
B P115-B06 3.255 75.482,83.139;83.467,83.613;83.171,88.605;75.185,88.130 | 75.482,83.139,1.976;76.014,83.170,2.029;76.546,83.202,2.105;77.079,83.234,2.205;77.611,83.265,2.256;78.143,83.297,2.334;78.676,83.328,2.438;79.208,83.360,2.580;79.741,83.392,2.681;80.273,83.423,2.849;80.805,83.455,3.096;81.338,83.487,3.335;81.870,83.518,3.525;82.403,83.550,3.696;82.935,83.582,3.808;83.467,83.613,3.886;83.438,84.113,4.050;83.408,84.612,4.192;83.378,85.111,4.334;83.349,85.610,4.451;83.319,86.109,4.475;83.289,86.608,4.500;83.260,87.107,4.542;83.230,87.606,4.564;83.200,88.106,4.590;83.171,88.605,4.620;82.638,88.573,4.492;82.106,88.541,4.356;81.573,88.510,4.220;81.041,88.478,4.073;80.509,88.446,3.924;79.976,88.415,3.773;79.444,88.383,3.573;78.911,88.351,3.373;78.379,88.320,3.194;77.847,88.288,3.035;77.314,88.256,2.876;76.782,88.225,2.752;76.249,88.193,2.679;75.717,88.161,2.598;75.185,88.130,2.540;75.214,87.631,2.498;75.244,87.131,2.457;75.274,86.632,2.420;75.303,86.133,2.384;75.333,85.634,2.347;75.363,85.135,2.283;75.392,84.636,2.220;75.422,84.137,2.156;75.452,83.638,2.069
B P115-B07 4.605 83.446,83.627;91.432,84.102;91.135,89.093;83.149,88.618 | 83.446,83.627,3.889;83.978,83.658,3.967;84.510,83.690,4.055;85.043,83.722,4.096;85.575,83.753,4.137;86.108,83.785,4.192;86.640,83.817,4.235;87.172,83.848,4.279;87.705,83.880,4.329;88.237,83.912,4.372;88.770,83.943,4.415;89.302,83.975,4.449;89.834,84.007,4.477;90.367,84.038,4.504;90.899,84.070,4.517;91.432,84.102,4.526;91.402,84.601,4.637;91.372,85.100,4.748;91.342,85.599,4.855;91.313,86.098,4.944;91.283,86.597,5.035;91.253,87.096,5.124;91.224,87.595,5.198;91.194,88.094,5.272;91.164,88.594,5.341;91.135,89.093,5.388;90.636,89.063,5.388;90.136,89.033,5.382;89.637,89.004,5.372;89.138,88.974,5.361;88.639,88.944,5.343;88.140,88.915,5.323;87.641,88.885,5.303;87.142,88.855,5.260;86.643,88.826,5.213;86.144,88.796,5.165;85.644,88.766,5.093;85.145,88.737,5.012;84.646,88.707,4.931;84.147,88.677,4.830;83.648,88.647,4.724;83.149,88.618,4.618;83.178,88.119,4.586;83.208,87.620,4.561;83.238,87.120,4.538;83.268,86.621,4.498;83.297,86.122,4.473;83.327,85.623,4.448;83.357,85.124,4.334;83.386,84.625,4.192;83.416,84.126,4.051
B P115-B08 4.551 91.591,81.416;96.784,81.725;96.327,89.402;91.135,89.093 | 91.591,81.416,3.826;92.110,81.447,3.846;92.630,81.478,3.853;93.149,81.509,3.857;93.668,81.540,3.850;94.187,81.571,3.833;94.707,81.602,3.821;95.226,81.632,3.799;95.745,81.663,3.765;96.264,81.694,3.735;96.784,81.725,3.700;96.753,82.237,3.813;96.723,82.749,3.933;96.692,83.260,4.056;96.662,83.772,4.178;96.631,84.284,4.301;96.601,84.796,4.421;96.571,85.307,4.541;96.540,85.819,4.656;96.510,86.331,4.767;96.479,86.843,4.878;96.449,87.354,4.974;96.418,87.866,5.064;96.388,88.378,5.153;96.358,88.890,5.224;96.327,89.402,5.289;95.808,89.371,5.308;95.289,89.340,5.323;94.769,89.309,5.338;94.250,89.278,5.353;93.731,89.247,5.360;93.212,89.216,5.368;92.692,89.185,5.377;92.173,89.154,5.386;91.654,89.124,5.388;91.135,89.093,5.388;91.165,88.581,5.340;91.196,88.069,5.268;91.226,87.557,5.193;91.256,87.046,5.117;91.287,86.534,5.023;91.317,86.022,4.930;91.348,85.510,4.839;91.378,84.999,4.726;91.409,84.487,4.612;91.439,83.975,4.497;91.469,83.463,4.367;91.500,82.952,4.236;91.530,82.440,4.100;91.561,81.928,3.959
B P115-B09 1.246 127.494,83.555;132.686,83.864;132.229,91.540;127.037,91.231 | 127.494,83.555,1.155;128.013,83.586,1.108;128.532,83.617,1.057;129.051,83.648,1.007;129.570,83.678,0.956;130.090,83.709,0.900;130.609,83.740,0.845;131.128,83.771,0.781;131.647,83.802,0.715;132.167,83.833,0.651;132.686,83.864,0.575;132.655,84.375,0.639;132.625,84.887,0.688;132.595,85.399,0.738;132.564,85.911,0.784;132.534,86.423,0.828;132.503,86.934,0.872;132.473,87.446,0.905;132.442,87.958,0.936;132.412,88.470,0.968;132.382,88.981,0.993;132.351,89.493,1.017;132.321,90.005,1.046;132.290,90.517,1.069;132.260,91.028,1.104;132.229,91.540,1.134;131.710,91.509,1.230;131.191,91.478,1.325;130.672,91.448,1.423;130.152,91.417,1.523;129.633,91.386,1.623;129.114,91.355,1.724;128.595,91.324,1.825;128.076,91.293,1.925;127.556,91.262,2.021;127.037,91.231,2.119;127.067,90.720,2.061;127.098,90.208,2.007;127.128,89.696,1.937;127.159,89.184,1.854;127.189,88.673,1.767;127.220,88.161,1.691;127.250,87.649,1.617;127.281,87.137,1.528;127.311,86.625,1.454;127.341,86.114,1.393;127.372,85.602,1.343;127.402,85.090,1.295;127.433,84.578,1.247;127.463,84.067,1.196
B P115-B10 0.286 132.526,86.549;140.512,87.024;140.215,92.015;132.229,91.540 | 132.526,86.549,0.839;133.025,86.579,0.773;133.524,86.608,0.707;134.024,86.638,0.641;134.523,86.668,0.571;135.022,86.697,0.497;135.521,86.727,0.416;136.020,86.757,0.341;136.519,86.786,0.263;137.018,86.816,0.185;137.517,86.846,0.104;138.017,86.875,0.021;138.516,86.905,-0.062;139.015,86.935,-0.157;139.514,86.965,-0.253;140.013,86.994,-0.348;140.512,87.024,-0.465;140.482,87.523,-0.455;140.453,88.022,-0.445;140.423,88.521,-0.435;140.393,89.020,-0.429;140.364,89.519,-0.423;140.334,90.019,-0.425;140.304,90.518,-0.409;140.275,91.017,-0.393;140.245,91.516,-0.379;140.215,92.015,-0.366;139.716,91.985,-0.251;139.217,91.956,-0.138;138.718,91.926,-0.030;138.219,91.896,0.067;137.720,91.867,0.161;137.221,91.837,0.256;136.721,91.807,0.347;136.222,91.778,0.433;135.723,91.748,0.518;135.224,91.718,0.601;134.725,91.689,0.684;134.226,91.659,0.767;133.727,91.629,0.860;133.228,91.600,0.950;132.729,91.570,1.041;132.229,91.540,1.134;132.259,91.041,1.105;132.289,90.542,1.071;132.318,90.043,1.048;132.348,89.544,1.019;132.378,89.045,0.996;132.408,88.545,0.972;132.437,88.046,0.942;132.467,87.547,0.911;132.497,87.048,0.881
B P115-B11 -1.627 140.512,87.024;148.498,87.499;148.201,92.490;140.215,92.015 | 140.512,87.024,-0.465;141.011,87.054,-0.581;141.510,87.083,-0.699;142.009,87.113,-0.846;142.509,87.143,-0.990;143.008,87.172,-1.135;143.507,87.202,-1.342;144.006,87.232,-1.548;144.505,87.261,-1.770;145.004,87.291,-2.022;145.503,87.321,-2.295;146.002,87.350,-2.568;146.502,87.380,-2.738;147.001,87.410,-2.990;147.500,87.439,-3.243;147.999,87.469,-3.370;148.498,87.499,-3.497;148.468,87.998,-3.326;148.439,88.497,-3.154;148.409,88.996,-2.992;148.379,89.495,-2.838;148.350,89.994,-2.715;148.320,90.494,-2.629;148.290,90.993,-2.533;148.261,91.492,-2.430;148.231,91.991,-2.302;148.201,92.490,-2.182;147.702,92.460,-2.178;147.203,92.431,-2.143;146.704,92.401,-2.086;146.205,92.371,-2.026;145.706,92.342,-1.922;145.206,92.312,-1.789;144.707,92.282,-1.657;144.208,92.253,-1.512;143.709,92.223,-1.358;143.210,92.193,-1.189;142.711,92.163,-1.053;142.212,92.134,-0.924;141.713,92.104,-0.755;141.214,92.074,-0.625;140.714,92.045,-0.506;140.215,92.015,-0.366;140.245,91.516,-0.379;140.275,91.017,-0.393;140.304,90.518,-0.409;140.334,90.019,-0.425;140.364,89.519,-0.423;140.393,89.020,-0.429;140.423,88.521,-0.435;140.453,88.022,-0.445;140.482,87.523,-0.455
B P115-B12 -3.143 148.658,84.814;153.850,85.122;153.394,92.799;148.201,92.490 | 148.658,84.814,-4.003;149.177,84.844,-4.216;149.696,84.875,-4.330;150.215,84.906,-4.489;150.735,84.937,-4.602;151.254,84.968,-4.617;151.773,84.999,-4.616;152.292,85.030,-4.582;152.812,85.061,-4.470;153.331,85.091,-4.333;153.850,85.122,-4.230;153.820,85.634,-4.028;153.789,86.146,-3.840;153.759,86.658,-3.651;153.728,87.169,-3.492;153.698,87.681,-3.329;153.667,88.193,-3.161;153.637,88.705,-3.018;153.607,89.216,-2.890;153.576,89.728,-2.763;153.546,90.240,-2.645;153.515,90.752,-2.538;153.485,91.263,-2.432;153.454,91.775,-2.336;153.424,92.287,-2.247;153.394,92.799,-2.157;152.874,92.768,-2.156;152.355,92.737,-2.155;151.836,92.706,-2.158;151.317,92.675,-2.154;150.797,92.644,-2.153;150.278,92.614,-2.171;149.759,92.583,-2.182;149.240,92.552,-2.194;148.720,92.521,-2.191;148.201,92.490,-2.182;148.232,91.978,-2.306;148.262,91.466,-2.435;148.292,90.955,-2.541;148.323,90.443,-2.638;148.353,89.931,-2.730;148.384,89.419,-2.857;148.414,88.908,-3.021;148.445,88.396,-3.189;148.475,87.884,-3.365;148.506,87.372,-3.528;148.536,86.861,-3.655;148.566,86.349,-3.792;148.597,85.837,-3.916;148.627,85.325,-3.953
B P116-B13 4.741 37.607,64.158;42.636,64.461;42.157,72.387;37.128,72.083 | 37.607,64.158,4.874;38.110,64.188,4.820;38.613,64.218,4.779;39.116,64.249,4.738;39.619,64.279,4.696;40.121,64.310,4.676;40.624,64.340,4.658;41.127,64.370,4.638;41.630,64.401,4.625;42.133,64.431,4.612;42.636,64.461,4.599;42.604,64.990,4.596;42.572,65.518,4.590;42.540,66.047,4.585;42.508,66.575,4.581;42.476,67.103,4.576;42.444,67.632,4.572;42.412,68.160,4.570;42.380,68.688,4.569;42.348,69.217,4.571;42.316,69.745,4.580;42.285,70.274,4.588;42.253,70.802,4.603;42.221,71.330,4.624;42.189,71.859,4.645;42.157,72.387,4.677;41.654,72.357,4.674;41.151,72.326,4.671;40.648,72.296,4.672;40.145,72.265,4.676;39.643,72.235,4.680;39.140,72.205,4.694;38.637,72.174,4.711;38.134,72.144,4.728;37.631,72.114,4.767;37.128,72.083,4.815;37.160,71.555,4.791;37.192,71.026,4.771;37.224,70.498,4.754;37.256,69.970,4.748;37.288,69.441,4.741;37.320,68.913,4.734;37.352,68.385,4.738;37.384,67.856,4.743;37.416,67.328,4.750;37.448,66.799,4.765;37.479,66.271,4.779;37.511,65.743,4.797;37.543,65.214,4.821;37.575,64.686,4.845
B P116-B14 4.408 42.458,67.396;50.444,67.879;50.142,72.870;42.157,72.387 | 42.458,67.396,4.573;42.958,67.426,4.571;43.457,67.456,4.569;43.956,67.487,4.567;44.455,67.517,4.561;44.954,67.547,4.554;45.453,67.577,4.547;45.952,67.607,4.530;46.451,67.637,4.511;46.950,67.668,4.492;47.449,67.698,4.472;47.948,67.728,4.436;48.448,67.758,4.401;48.947,67.788,4.349;49.446,67.818,4.296;49.945,67.849,4.239;50.444,67.879,4.162;50.410,68.433,4.159;50.377,68.988,4.155;50.343,69.542,4.157;50.310,70.097,4.162;50.276,70.651,4.168;50.243,71.206,4.179;50.209,71.760,4.189;50.176,72.315,4.203;50.142,72.870,4.219;49.610,72.837,4.292;49.078,72.805,4.361;48.545,72.773,4.428;48.013,72.741,4.477;47.480,72.709,4.526;46.948,72.677,4.575;46.416,72.644,4.612;45.883,72.612,4.650;45.351,72.580,4.685;44.819,72.548,4.702;44.286,72.516,4.702;43.754,72.484,4.698;43.222,72.451,4.689;42.689,72.419,4.682;42.157,72.387,4.677;42.187,71.888,4.646;42.217,71.389,4.627;42.247,70.890,4.607;42.277,70.391,4.589;42.308,69.892,4.582;42.338,69.392,4.574;42.368,68.893,4.568;42.398,68.394,4.570;42.428,67.895,4.571
B P116-B15 3.254 50.444,67.879;58.429,68.361;58.128,73.352;50.142,72.870 | 50.444,67.879,4.162;50.976,67.911,4.082;51.509,67.943,4.001;52.041,67.975,3.897;52.573,68.007,3.794;53.106,68.040,3.687;53.638,68.072,3.563;54.170,68.104,3.438;54.703,68.136,3.306;55.235,68.168,3.162;55.767,68.200,3.016;56.300,68.233,2.869;56.832,68.265,2.721;57.365,68.297,2.570;57.897,68.329,2.389;58.429,68.361,2.213;58.399,68.860,2.235;58.369,69.359,2.255;58.339,69.858,2.272;58.309,70.358,2.274;58.279,70.857,2.287;58.248,71.356,2.306;58.218,71.855,2.324;58.188,72.354,2.355;58.158,72.853,2.389;58.128,73.352,2.420;57.595,73.320,2.558;57.063,73.288,2.698;56.531,73.256,2.836;55.998,73.223,2.973;55.466,73.191,3.106;54.934,73.159,3.239;54.401,73.127,3.374;53.869,73.095,3.497;53.336,73.063,3.620;52.804,73.030,3.736;52.272,72.998,3.841;51.739,72.966,3.947;51.207,72.934,4.044;50.675,72.902,4.131;50.142,72.870,4.219;50.176,72.315,4.203;50.209,71.760,4.189;50.243,71.206,4.179;50.276,70.651,4.168;50.310,70.097,4.162;50.343,69.542,4.157;50.377,68.988,4.155;50.410,68.433,4.159
B P116-B16 1.710 58.607,65.427;63.635,65.730;63.156,73.656;58.128,73.352 | 58.607,65.427,2.238;59.109,65.457,2.083;59.612,65.487,1.925;60.115,65.518,1.772;60.618,65.548,1.641;61.121,65.578,1.523;61.624,65.609,1.405;62.127,65.639,1.288;62.630,65.670,1.178;63.132,65.700,1.075;63.635,65.730,0.972;63.603,66.259,0.939;63.571,66.787,0.924;63.539,67.316,0.910;63.508,67.844,0.911;63.476,68.372,0.919;63.444,68.901,0.928;63.412,69.429,0.961;63.380,69.957,1.000;63.348,70.486,1.038;63.316,71.014,1.085;63.284,71.542,1.129;63.252,72.071,1.166;63.220,72.599,1.167;63.188,73.128,1.167;63.156,73.656,1.209;62.653,73.626,1.321;62.151,73.595,1.434;61.648,73.565,1.551;61.145,73.534,1.668;60.642,73.504,1.786;60.139,73.474,1.909;59.636,73.443,2.035;59.133,73.413,2.160;58.631,73.382,2.290;58.128,73.352,2.420;58.160,72.824,2.388;58.192,72.295,2.351;58.224,71.767,2.321;58.255,71.239,2.302;58.287,70.710,2.282;58.319,70.182,2.273;58.351,69.654,2.265;58.383,69.125,2.246;58.415,68.597,2.224;58.447,68.068,2.200;58.479,67.540,2.204;58.511,67.012,2.198;58.543,66.483,2.198;58.575,65.955,2.201
B P116-B17 -0.202 71.039,66.207;76.068,66.511;75.589,74.437;70.560,74.133 | 71.039,66.207,0.307;71.542,66.238,0.222;72.045,66.268,0.136;72.548,66.299,0.032;73.051,66.329,-0.094;73.554,66.359,-0.218;74.056,66.390,-0.343;74.559,66.420,-0.478;75.062,66.450,-0.612;75.565,66.481,-0.729;76.068,66.511,-0.846;76.036,67.040,-0.845;76.004,67.568,-0.845;75.972,68.096,-0.835;75.940,68.625,-0.821;75.908,69.153,-0.779;75.876,69.681,-0.745;75.844,70.210,-0.727;75.812,70.738,-0.702;75.780,71.267,-0.669;75.749,71.795,-0.632;75.717,72.323,-0.551;75.685,72.852,-0.499;75.653,73.380,-0.448;75.621,73.908,-0.387;75.589,74.437,-0.322;75.086,74.406,-0.320;74.583,74.376,-0.303;74.080,74.346,-0.261;73.577,74.315,-0.224;73.075,74.285,-0.185;72.572,74.254,-0.139;72.069,74.224,-0.092;71.566,74.194,-0.044;71.063,74.163,0.004;70.560,74.133,0.054;70.592,73.605,0.009;70.624,73.076,0.036;70.656,72.548,0.079;70.688,72.019,0.122;70.720,71.491,0.148;70.752,70.963,0.173;70.784,70.434,0.211;70.816,69.906,0.235;70.848,69.378,0.258;70.880,68.849,0.280;70.912,68.321,0.301;70.943,67.792,0.322;70.975,67.264,0.327;71.007,66.736,0.318
B P116-B18 0.070 75.891,69.446;83.876,69.928;83.574,74.919;75.589,74.437 | 75.891,69.446,-0.753;76.390,69.476,-0.832;76.889,69.506,-0.915;77.388,69.536,-0.957;77.887,69.567,-0.987;78.386,69.597,-0.969;78.885,69.627,-0.894;79.384,69.657,-0.825;79.883,69.687,-0.779;80.382,69.717,-0.684;80.881,69.747,-0.581;81.381,69.778,-0.497;81.880,69.808,-0.401;82.379,69.838,-0.302;82.878,69.868,-0.204;83.377,69.898,-0.103;83.876,69.928,0.001;83.846,70.428,0.162;83.816,70.927,0.322;83.785,71.426,0.486;83.755,71.925,0.658;83.725,72.424,0.795;83.695,72.923,0.930;83.665,73.422,1.072;83.635,73.921,1.168;83.605,74.420,1.257;83.574,74.919,1.355;83.075,74.889,1.268;82.576,74.859,1.139;82.077,74.829,0.998;81.578,74.799,0.857;81.079,74.769,0.716;80.580,74.738,0.574;80.081,74.708,0.435;79.582,74.678,0.311;79.083,74.648,0.188;78.583,74.618,0.069;78.084,74.588,-0.030;77.585,74.557,-0.125;77.086,74.527,-0.212;76.587,74.497,-0.256;76.088,74.467,-0.289;75.589,74.437,-0.322;75.619,73.938,-0.383;75.649,73.439,-0.442;75.679,72.940,-0.491;75.710,72.440,-0.540;75.740,71.941,-0.612;75.770,71.442,-0.658;75.800,70.943,-0.689;75.830,70.444,-0.719;75.860,69.945,-0.736
B P116-B19 1.216 83.876,69.928;91.861,70.411;91.560,75.402;83.574,74.919 | 83.876,69.928,0.001;84.408,69.961,0.143;84.941,69.993,0.273;85.473,70.025,0.399;86.005,70.057,0.559;86.538,70.089,0.676;87.070,70.121,0.756;87.602,70.154,0.832;88.135,70.186,0.885;88.667,70.218,0.939;89.200,70.250,0.972;89.732,70.282,1.017;90.264,70.314,1.065;90.797,70.347,1.104;91.329,70.379,1.142;91.861,70.411,1.180;91.828,70.966,1.315;91.794,71.520,1.454;91.761,72.075,1.590;91.727,72.629,1.715;91.694,73.184,1.840;91.660,73.738,1.964;91.627,74.293,2.084;91.593,74.847,2.204;91.560,75.402,2.330;91.027,75.370,2.286;90.495,75.338,2.240;89.963,75.305,2.188;89.430,75.273,2.135;88.898,75.241,2.080;88.366,75.209,2.017;87.833,75.177,1.955;87.301,75.145,1.889;86.769,75.112,1.817;86.236,75.080,1.745;85.704,75.048,1.674;85.171,75.016,1.604;84.639,74.984,1.535;84.107,74.951,1.448;83.574,74.919,1.355;83.605,74.420,1.257;83.635,73.921,1.168;83.665,73.422,1.072;83.695,72.923,0.930;83.725,72.424,0.795;83.755,71.925,0.658;83.785,71.426,0.486;83.816,70.927,0.322;83.846,70.428,0.162
B P116-B20 1.655 92.039,67.476;97.067,67.780;96.588,75.706;91.560,75.402 | 92.039,67.476,0.774;92.542,67.507,0.776;93.044,67.537,0.779;93.547,67.567,0.788;94.050,67.598,0.801;94.553,67.628,0.818;95.056,67.659,0.842;95.559,67.689,0.871;96.062,67.719,0.897;96.564,67.750,0.924;97.067,67.780,0.954;97.035,68.309,1.039;97.003,68.837,1.124;96.972,69.365,1.227;96.940,69.894,1.339;96.908,70.422,1.444;96.876,70.950,1.559;96.844,71.479,1.677;96.812,72.007,1.794;96.780,72.536,1.909;96.748,73.064,2.028;96.716,73.592,2.144;96.684,74.121,2.251;96.652,74.649,2.360;96.620,75.177,2.465;96.588,75.706,2.562;96.086,75.675,2.565;95.583,75.645,2.561;95.080,75.615,2.549;94.577,75.584,2.535;94.074,75.554,2.510;93.571,75.523,2.481;93.068,75.493,2.446;92.566,75.463,2.409;92.063,75.432,2.371;91.560,75.402,2.330;91.592,74.873,2.210;91.624,74.345,2.096;91.656,73.817,1.981;91.688,73.288,1.864;91.719,72.760,1.744;91.751,72.232,1.625;91.783,71.703,1.500;91.815,71.175,1.367;91.847,70.647,1.234;91.879,70.118,1.123;91.911,69.590,1.021;91.943,69.061,0.919;91.975,68.533,0.868;92.007,68.005,0.820
B P116-B21 1.747 104.658,68.207;109.687,68.511;109.208,76.437;104.179,76.133 | 104.658,68.207,1.352;105.161,68.238,1.355;105.664,68.268,1.356;106.167,68.299,1.352;106.669,68.329,1.349;107.172,68.359,1.344;107.675,68.390,1.337;108.178,68.420,1.327;108.681,68.450,1.316;109.184,68.481,1.302;109.687,68.511,1.289;109.655,69.040,1.367;109.623,69.568,1.437;109.591,70.096,1.508;109.559,70.625,1.580;109.527,71.153,1.646;109.495,71.681,1.709;109.463,72.210,1.767;109.431,72.738,1.818;109.399,73.267,1.872;109.367,73.795,1.910;109.335,74.323,1.936;109.303,74.852,1.968;109.272,75.380,2.005;109.240,75.908,2.041;109.208,76.437,2.070;108.705,76.406,2.080;108.202,76.376,2.091;107.699,76.346,2.104;107.196,76.315,2.117;106.693,76.285,2.144;106.191,76.254,2.170;105.688,76.224,2.196;105.185,76.194,2.223;104.682,76.163,2.252;104.179,76.133,2.277;104.211,75.605,2.250;104.243,75.076,2.222;104.275,74.548,2.188;104.307,74.019,2.147;104.339,73.491,2.106;104.371,72.963,2.038;104.403,72.434,1.971;104.435,71.906,1.906;104.466,71.378,1.832;104.498,70.849,1.757;104.530,70.321,1.681;104.562,69.792,1.601;104.594,69.264,1.520;104.626,68.736,1.437
B P116-B22 1.622 109.509,71.446;117.495,71.928;117.193,76.919;109.208,76.437 | 109.509,71.446,1.681;110.008,71.476,1.659;110.507,71.506,1.637;111.007,71.536,1.615;111.506,71.566,1.597;112.005,71.597,1.571;112.504,71.627,1.545;113.003,71.657,1.522;113.502,71.687,1.488;114.001,71.717,1.453;114.500,71.747,1.417;114.999,71.778,1.374;115.498,71.808,1.331;115.997,71.838,1.289;116.497,71.868,1.243;116.996,71.898,1.197;117.495,71.928,1.151;117.465,72.427,1.198;117.434,72.927,1.244;117.404,73.426,1.290;117.374,73.925,1.329;117.344,74.424,1.368;117.314,74.923,1.407;117.284,75.422,1.448;117.253,75.921,1.493;117.223,76.420,1.538;117.193,76.919,1.588;116.694,76.889,1.622;116.195,76.859,1.657;115.696,76.829,1.690;115.197,76.799,1.729;114.698,76.769,1.768;114.199,76.738,1.807;113.700,76.708,1.844;113.200,76.678,1.882;112.701,76.648,1.916;112.202,76.618,1.950;111.703,76.588,1.984;111.204,76.557,2.009;110.705,76.527,2.028;110.206,76.497,2.048;109.707,76.467,2.061;109.208,76.437,2.070;109.238,75.938,2.043;109.268,75.439,2.010;109.298,74.939,1.974;109.328,74.440,1.943;109.359,73.941,1.916;109.389,73.442,1.891;109.419,72.943,1.839;109.449,72.444,1.790;109.479,71.945,1.740
B P116-B23 1.045 117.495,71.928;125.480,72.411;125.179,77.402;117.193,76.919 | 117.495,71.928,1.151;118.027,71.961,1.100;118.559,71.993,1.050;119.092,72.025,0.999;119.624,72.057,0.949;120.157,72.089,0.899;120.689,72.121,0.850;121.221,72.154,0.804;121.754,72.186,0.758;122.286,72.218,0.711;122.818,72.250,0.666;123.351,72.282,0.624;123.883,72.314,0.588;124.415,72.347,0.547;124.948,72.379,0.507;125.480,72.411,0.405;125.450,72.910,0.478;125.420,73.409,0.559;125.390,73.908,0.637;125.360,74.407,0.699;125.329,74.906,0.761;125.299,75.405,0.817;125.269,75.905,0.872;125.239,76.404,0.931;125.209,76.903,0.985;125.179,77.402,1.034;124.646,77.370,1.081;124.114,77.337,1.125;123.581,77.305,1.170;123.049,77.273,1.211;122.517,77.241,1.251;121.984,77.209,1.288;121.452,77.177,1.324;120.920,77.144,1.359;120.387,77.112,1.394;119.855,77.080,1.426;119.323,77.048,1.460;118.790,77.016,1.493;118.258,76.984,1.526;117.726,76.951,1.558;117.193,76.919,1.588;117.223,76.420,1.538;117.253,75.921,1.493;117.284,75.422,1.448;117.314,74.923,1.407;117.344,74.424,1.368;117.374,73.925,1.329;117.404,73.426,1.290;117.434,72.927,1.244;117.465,72.427,1.198
B P116-B24 -0.152 125.658,69.476;130.686,69.780;130.207,77.706;125.179,77.402 | 125.658,69.476,-0.129;126.160,69.507,-0.248;126.663,69.537,-0.379;127.166,69.567,-0.553;127.669,69.598,-0.718;128.172,69.628,-0.877;128.675,69.659,-1.047;129.178,69.689,-1.248;129.680,69.719,-1.445;130.183,69.750,-1.635;130.686,69.780,-1.808;130.654,70.309,-1.614;130.622,70.837,-1.429;130.590,71.365,-1.249;130.558,71.894,-1.080;130.526,72.422,-0.930;130.495,72.950,-0.769;130.463,73.479,-0.607;130.431,74.007,-0.480;130.399,74.535,-0.339;130.367,75.064,-0.199;130.335,75.592,-0.081;130.303,76.121,0.028;130.271,76.649,0.125;130.239,77.177,0.209;130.207,77.706,0.295;129.704,77.675,0.405;129.201,77.645,0.504;128.699,77.615,0.587;128.196,77.584,0.669;127.693,77.554,0.738;127.190,77.523,0.800;126.687,77.493,0.868;126.184,77.463,0.927;125.681,77.432,0.979;125.179,77.402,1.034;125.211,76.873,0.982;125.242,76.345,0.923;125.274,75.817,0.862;125.306,75.288,0.804;125.338,74.760,0.743;125.370,74.232,0.677;125.402,73.703,0.605;125.434,73.175,0.519;125.466,72.647,0.440;125.498,72.118,0.363;125.530,71.590,0.277;125.562,71.061,0.188;125.594,70.533,0.088;125.626,70.005,-0.024
B P117-B25 4.288 46.069,58.647;46.373,53.656;54.359,54.144;54.054,59.134 | 46.069,58.647,4.514;46.099,58.148,4.511;46.130,57.649,4.512;46.160,57.150,4.515;46.191,56.651,4.517;46.221,56.152,4.516;46.252,55.652,4.508;46.282,55.153,4.501;46.312,54.654,4.494;46.343,54.155,4.499;46.373,53.656,4.501;46.872,53.687,4.450;47.372,53.717,4.410;47.871,53.748,4.374;48.370,53.778,4.336;48.869,53.809,4.303;49.368,53.839,4.280;49.867,53.869,4.258;50.366,53.900,4.237;50.865,53.930,4.217;51.364,53.961,4.197;51.863,53.991,4.178;52.362,54.022,4.158;52.861,54.052,4.139;53.360,54.083,4.116;53.859,54.113,4.093;54.359,54.144,4.070;54.325,54.698,4.091;54.291,55.253,4.112;54.257,55.807,4.124;54.223,56.362,4.126;54.189,56.916,4.128;54.155,57.471,4.111;54.122,58.025,4.092;54.088,58.580,4.082;54.054,59.134,4.065;53.522,59.102,4.114;52.989,59.069,4.158;52.457,59.037,4.197;51.925,59.004,4.239;51.392,58.972,4.288;50.860,58.939,4.318;50.327,58.907,4.348;49.795,58.874,4.373;49.263,58.842,4.392;48.730,58.809,4.411;48.198,58.777,4.430;47.666,58.744,4.448;47.133,58.712,4.466;46.601,58.679,4.489
B P117-B26 3.687 59.045,59.439;54.054,59.134;54.541,51.149;59.532,51.454 | 59.045,59.439,3.312;58.546,59.409,3.405;58.046,59.378,3.507;57.547,59.348,3.613;57.048,59.317,3.684;56.549,59.287,3.757;56.050,59.256,3.836;55.551,59.226,3.890;55.052,59.195,3.946;54.553,59.165,4.009;54.054,59.134,4.065;54.084,58.635,4.081;54.115,58.136,4.089;54.145,57.637,4.106;54.176,57.138,4.123;54.206,56.639,4.127;54.237,56.140,4.125;54.267,55.641,4.123;54.298,55.142,4.107;54.328,54.643,4.089;54.359,54.144,4.070;54.389,53.645,4.047;54.419,53.145,4.022;54.450,52.646,3.997;54.480,52.147,3.971;54.511,51.648,3.944;54.541,51.149,3.917;55.040,51.180,3.891;55.539,51.210,3.866;56.039,51.241,3.839;56.538,51.271,3.795;57.037,51.302,3.751;57.536,51.332,3.708;58.035,51.362,3.645;58.534,51.393,3.585;59.033,51.423,3.525;59.532,51.454,3.453;59.502,51.953,3.479;59.471,52.452,3.505;59.441,52.951,3.524;59.410,53.450,3.543;59.380,53.949,3.560;59.349,54.448,3.566;59.319,54.947,3.572;59.288,55.446,3.579;59.258,55.945,3.570;59.227,56.445,3.559;59.197,56.944,3.544;59.166,57.443,3.512;59.136,57.942,3.476;59.106,58.441,3.433;59.075,58.940,3.373
B P117-B27 2.897 64.035,59.744;59.045,59.439;59.532,51.454;64.523,51.759 | 64.035,59.744,2.067;63.536,59.713,2.201;63.037,59.683,2.332;62.538,59.652,2.464;62.039,59.622,2.595;61.540,59.591,2.719;61.041,59.561,2.843;60.542,59.530,2.967;60.043,59.500,3.079;59.544,59.469,3.198;59.045,59.439,3.312;59.075,58.940,3.373;59.106,58.441,3.433;59.136,57.942,3.476;59.166,57.443,3.512;59.197,56.944,3.544;59.227,56.445,3.559;59.258,55.945,3.570;59.288,55.446,3.579;59.319,54.947,3.572;59.349,54.448,3.566;59.380,53.949,3.560;59.410,53.450,3.543;59.441,52.951,3.524;59.471,52.452,3.505;59.502,51.953,3.479;59.532,51.454,3.453;60.031,51.484,3.384;60.530,51.515,3.316;61.029,51.545,3.263;61.528,51.576,3.210;62.027,51.606,3.156;62.526,51.637,3.080;63.026,51.667,3.014;63.525,51.698,2.949;64.024,51.728,2.849;64.523,51.759,2.756;64.492,52.258,2.761;64.462,52.757,2.759;64.431,53.256,2.741;64.401,53.755,2.719;64.370,54.254,2.687;64.340,54.753,2.646;64.309,55.252,2.608;64.279,55.751,2.566;64.249,56.250,2.521;64.218,56.749,2.471;64.188,57.248,2.416;64.157,57.747,2.355;64.127,58.246,2.286;64.096,58.746,2.214;64.066,59.245,2.139
B P117-B28 1.671 64.035,59.744;64.340,54.753;72.325,55.240;72.020,60.231 | 64.035,59.744,2.067;64.066,59.245,2.139;64.096,58.746,2.214;64.127,58.246,2.286;64.157,57.747,2.355;64.188,57.248,2.416;64.218,56.749,2.471;64.249,56.250,2.521;64.279,55.751,2.566;64.309,55.252,2.608;64.340,54.753,2.646;64.839,54.783,2.535;65.338,54.814,2.432;65.837,54.844,2.330;66.336,54.875,2.225;66.835,54.905,2.131;67.334,54.936,2.042;67.833,54.966,1.954;68.333,54.997,1.871;68.832,55.027,1.799;69.331,55.058,1.730;69.830,55.088,1.671;70.329,55.119,1.618;70.828,55.149,1.553;71.327,55.179,1.485;71.826,55.210,1.435;72.325,55.240,1.385;72.291,55.795,1.347;72.257,56.349,1.276;72.224,56.904,1.203;72.190,57.458,1.101;72.156,58.013,0.995;72.122,58.568,0.886;72.088,59.122,0.786;72.054,59.677,0.684;72.020,60.231,0.587;71.488,60.199,0.636;70.956,60.166,0.686;70.423,60.134,0.741;69.891,60.101,0.795;69.359,60.069,0.860;68.826,60.036,0.951;68.294,60.004,1.043;67.762,59.971,1.147;67.229,59.939,1.266;66.697,59.906,1.385;66.165,59.874,1.514;65.632,59.841,1.650;65.100,59.809,1.785;64.568,59.776,1.925
B P117-B29 -1.319 88.108,61.203;88.413,56.212;96.398,56.700;96.093,61.691 | 88.108,61.203,-1.439;88.142,60.649,-1.711;88.176,60.094,-1.960;88.210,59.540,-2.213;88.244,58.985,-2.446;88.278,58.431,-2.652;88.311,57.876,-2.805;88.345,57.321,-2.979;88.379,56.767,-3.069;88.413,56.212,-3.155;88.912,56.243,-3.155;89.411,56.273,-3.068;89.910,56.304,-2.975;90.409,56.334,-2.925;90.908,56.365,-2.834;91.407,56.395,-2.713;91.906,56.426,-2.575;92.406,56.456,-2.438;92.905,56.487,-2.289;93.404,56.517,-2.135;93.903,56.548,-1.978;94.402,56.578,-1.821;94.901,56.608,-1.668;95.400,56.639,-1.538;95.899,56.669,-1.391;96.398,56.700,-1.243;96.364,57.254,-0.991;96.330,57.809,-0.769;96.297,58.363,-0.548;96.263,58.918,-0.301;96.229,59.473,-0.063;96.195,60.027,0.168;96.161,60.582,0.282;96.127,61.136,0.398;96.093,61.691,0.561;95.561,61.658,0.555;95.029,61.626,0.549;94.496,61.593,0.484;93.964,61.561,0.417;93.432,61.528,0.351;92.899,61.496,0.211;92.367,61.463,0.065;91.835,61.431,-0.093;91.302,61.398,-0.280;90.770,61.366,-0.467;90.238,61.333,-0.649;89.705,61.301,-0.847;89.173,61.268,-1.045;88.641,61.236,-1.242
B P117-B30 -0.885 101.084,61.995;96.093,61.691;96.581,53.705;101.572,54.010 | 101.084,61.995,0.634;100.585,61.965,0.658;100.086,61.934,0.678;99.587,61.904,0.704;99.088,61.873,0.707;98.589,61.843,0.688;98.090,61.812,0.670;97.591,61.782,0.640;97.092,61.752,0.607;96.592,61.721,0.575;96.093,61.691,0.561;96.124,61.192,0.421;96.154,60.692,0.305;96.185,60.193,0.202;96.215,59.694,0.032;96.246,59.195,-0.182;96.276,58.696,-0.398;96.307,58.197,-0.614;96.337,57.698,-0.814;96.368,57.199,-1.013;96.398,56.700,-1.243;96.429,56.201,-1.493;96.459,55.702,-1.743;96.489,55.203,-2.001;96.520,54.704,-2.271;96.550,54.205,-2.541;96.581,53.705,-2.784;97.080,53.736,-2.715;97.579,53.766,-2.646;98.078,53.797,-2.559;98.577,53.827,-2.476;99.076,53.858,-2.403;99.575,53.888,-2.328;100.074,53.919,-2.238;100.573,53.949,-2.147;101.073,53.980,-2.053;101.572,54.010,-1.950;101.541,54.509,-1.749;101.511,55.008,-1.502;101.480,55.507,-1.252;101.450,56.006,-0.982;101.419,56.505,-0.712;101.389,57.005,-0.467;101.358,57.504,-0.282;101.328,58.003,-0.070;101.297,58.502,0.142;101.267,59.001,0.256;101.236,59.500,0.370;101.206,59.999,0.478;101.176,60.498,0.524;101.145,60.997,0.571;101.115,61.496,0.615
B P117-B31 -0.539 106.075,62.300;101.084,61.995;101.572,54.010;106.562,54.315 | 106.075,62.300,0.378;105.520,62.266,0.381;104.966,62.232,0.376;104.411,62.198,0.393;103.857,62.165,0.418;103.302,62.131,0.438;102.748,62.097,0.492;102.193,62.063,0.543;101.639,62.029,0.590;101.084,61.995,0.634;101.115,61.496,0.615;101.145,60.997,0.571;101.176,60.498,0.524;101.206,59.999,0.478;101.236,59.500,0.370;101.267,59.001,0.256;101.297,58.502,0.142;101.328,58.003,-0.070;101.358,57.504,-0.282;101.389,57.005,-0.467;101.419,56.505,-0.712;101.450,56.006,-0.982;101.480,55.507,-1.252;101.511,55.008,-1.502;101.541,54.509,-1.749;101.572,54.010,-1.950;102.126,54.044,-1.831;102.681,54.078,-1.716;103.235,54.112,-1.609;103.790,54.146,-1.501;104.344,54.179,-1.430;104.899,54.213,-1.358;105.453,54.247,-1.300;106.008,54.281,-1.260;106.562,54.315,-1.218;106.532,54.814,-1.098;106.501,55.313,-0.981;106.471,55.812,-0.870;106.440,56.311,-0.753;106.410,56.810,-0.625;106.379,57.309,-0.501;106.349,57.808,-0.386;106.319,58.307,-0.285;106.288,58.806,-0.187;106.258,59.305,-0.091;106.227,59.805,0.004;106.197,60.304,0.089;106.166,60.803,0.164;106.136,61.302,0.221;106.105,61.801,0.294
B P117-B32 -0.060 106.075,62.300;106.379,57.309;114.365,57.797;114.060,62.787 | 106.075,62.300,0.378;106.109,61.745,0.285;106.143,61.191,0.208;106.176,60.636,0.143;106.210,60.082,0.053;106.244,59.527,-0.049;106.278,58.973,-0.155;106.312,58.418,-0.263;106.346,57.864,-0.375;106.379,57.309,-0.501;106.912,57.342,-0.510;107.444,57.374,-0.509;107.977,57.407,-0.492;108.509,57.439,-0.474;109.041,57.472,-0.476;109.574,57.504,-0.476;110.106,57.537,-0.469;110.638,57.569,-0.465;111.171,57.602,-0.456;111.703,57.634,-0.444;112.235,57.667,-0.439;112.768,57.699,-0.440;113.300,57.732,-0.458;113.832,57.764,-0.486;114.365,57.797,-0.498;114.331,58.351,-0.357;114.297,58.906,-0.243;114.263,59.460,-0.136;114.229,60.015,-0.030;114.195,60.569,0.060;114.162,61.124,0.150;114.128,61.678,0.231;114.094,62.233,0.305;114.060,62.787,0.381;113.528,62.755,0.381;112.995,62.722,0.383;112.463,62.690,0.372;111.931,62.657,0.360;111.398,62.625,0.350;110.866,62.592,0.347;110.334,62.560,0.341;109.801,62.527,0.336;109.269,62.495,0.347;108.737,62.462,0.351;108.204,62.430,0.355;107.672,62.397,0.362;107.140,62.365,0.369;106.607,62.332,0.374
