32.100 81.680 -2.6421
48.865 82.750 -4.0309
41.795 83.665 -3.4042
83.635 85.210 -6.9041
140.945 89.200 -11.6418
59.445 55.195 -0.8924
100.165 57.875 -4.4353
50.590 69.530 -2.4867
84.135 71.545 -3.6502
117.655 73.260 -6.4471
46.830 49.120 0.3214
50.080 44.615 0.1432
59.780 41.605 -0.6199
84.600 53.750 -3.0124
95.290 50.840 -3.8624
95.480 47.510 -3.8049
100.470 47.805 -4.2383
100.280 51.140 -4.2959
100.670 44.540 -4.1830
105.630 51.415 -4.7597
105.830 48.060 -4.7025
115.150 61.135 -5.7895
115.150 57.735 -5.7142
115.150 54.340 -5.6389
