P [Pavers~with~Grass~Herringbone] 46.363,42.412,4.3300;42.443,50.122,4.4945;33.603,60.912,5.0116;37.035,61.119,4.7134;42.789,61.467,4.2135;50.777,61.950,3.5194;58.760,62.432,2.8258;67.570,62.964,2.0603;76.291,63.491,1.3026;84.299,63.975,0.6068;92.261,64.456,-0.0850;100.980,64.983,-0.8425;109.696,65.510,-1.5999;117.681,65.992,-2.2936;125.667,66.475,-2.9875;130.859,66.789,-3.4387;134.862,67.031,-3.7865;135.213,67.052,-3.8170;130.843,63.442,-3.3631;122.373,58.222,-2.5229;115.930,53.593,-1.8691;115.930,56.038,-1.9233;115.930,59.435,-1.9986;115.930,63.190,-2.0818;114.370,63.190,-1.9483;114.370,62.656,-1.9365;112.618,62.656,-1.7866;112.810,59.435,-1.7316;112.915,57.665,-1.7014;108.922,57.427,-1.3545;105.980,57.252,-1.0989;107.666,58.679,-1.2748;107.673,59.435,-1.2922;106.804,63.430,-1.3063;90.364,63.430,0.1001;91.652,58.567,0.0976;94.531,56.572,-0.1045;92.182,56.432,0.0996;90.954,56.359,0.2063;87.959,56.181,0.4664;86.961,56.121,0.5531;86.687,60.735,0.4743;84.191,60.587,0.6911;84.481,55.780,0.7728;83.930,55.780,0.8200;83.930,52.199,0.8993;81.096,53.771,1.1069;76.649,54.819,1.4641;75.989,54.297,1.5322;75.629,59.833,1.4403;72.318,59.618,1.7283;72.383,60.750,1.6977;49.000,60.750,3.6981;50.179,58.301,3.6514;44.695,57.975,4.1278;45.064,51.880,4.2313;44.640,51.880,4.2676;44.640,46.360,4.3899;47.752,46.360,4.1237;48.449,46.863,4.0529;47.890,46.460,4.1096;47.890,41.860,4.2116;52.270,41.860,3.8369;52.270,42.841,3.8151;54.414,42.974,3.6288;54.897,43.004,3.5868;56.477,43.102,3.4494;58.950,43.256,3.2345;58.950,39.350,3.3210;59.824,39.350,3.2463;52.953,31.472,4.0086;49.793,25.652,4.4079;48.261,33.140,4.3731
P [Pavers~with~Grass~Herringbone] 105.024,55.593,-0.9804;105.033,55.443,-0.9779;105.072,54.794,-0.9668;105.078,54.694,-0.9651;105.107,54.195,-0.9566;102.812,54.058,-0.7572;100.116,53.898,-0.5230;97.619,53.750,-0.3061;95.125,53.602,-0.0895;95.095,54.101,-0.0980;95.089,54.200,-0.0996;95.051,54.849,-0.1108;95.042,54.999,-0.1133;95.012,55.498,-0.1218;94.966,56.271,-0.1350;97.576,54.462,-0.3182;102.787,54.551,-0.7660;104.976,56.403,-0.9942;104.994,56.092,-0.9889
P [Pavers~with~Grass~Herringbone] 66.868,73.941,2.0823;65.370,73.852,2.2069;65.370,75.310,2.2507;39.356,75.310,4.4613;46.279,75.721,3.8853;55.455,76.267,3.1219;66.615,76.931,2.1935;69.340,77.093,1.9668;69.340,74.088,1.8767;68.230,74.022,1.9690
P [Pavers~with~Grass~Herringbone] 30.538,71.780,5.1047;37.035,61.119,4.2328;33.623,60.912,4.5165;30.363,64.862,4.9120;21.063,74.222,5.9831;24.618,74.433,5.6874;30.308,74.772,5.2140;35.810,75.099,4.7563;35.810,72.093,4.6661
P [Pavers~with~Grass~Herringbone] 140.613,95.482,-1.6052;155.893,95.962,-2.8858;156.748,93.073,-3.0450;155.730,93.013,-2.9605;155.730,94.980,-2.9015;135.319,94.980,-1.1715
P [Pavers~with~Grass~Herringbone] 21.063,74.222,7.8896;19.303,75.988,8.0918;18.240,77.066,8.2142;10.483,85.572,9.1269;14.293,88.002,8.8768;19.113,88.272,8.4764;37.633,90.332,6.9685;47.843,92.022,6.1539;62.463,92.432,4.9270;76.373,93.712,3.7865;87.053,92.212,2.8363;103.003,92.242,1.4853;116.693,93.382,0.3592;126.160,94.171,-0.4195;126.160,91.024,-0.5139;123.208,90.260,-0.2866;123.785,83.336,-0.5433;123.963,80.341,-0.6482;100.958,78.973,1.2606;100.780,81.968,1.3655;100.483,88.366,1.5826;98.420,88.881,1.7729;98.420,90.990,1.8362;68.850,90.990,4.3424;68.850,87.836,4.2478;65.977,87.836,4.4913;65.970,87.836,4.4919;66.437,79.924,4.2150;66.615,76.931,4.1101;55.455,76.267,5.0361;55.277,79.273,5.1413;54.768,87.454,5.4299;52.920,87.339,5.5831;52.920,87.820,5.5975;45.927,87.820,6.1902;45.895,87.570,6.1854;37.070,87.570,6.9334;37.070,82.074,6.7685;37.316,80.874,6.7117;37.316,80.874,6.7117;36.139,86.620,6.9838;23.350,86.620,8.0677;23.350,85.549,8.0356;18.985,85.271,8.3972;23.350,76.873,7.7753;23.350,76.740,7.7713;23.419,76.740,7.7655;24.618,74.433,7.5947
P [Pavers~with~Grass~Herringbone] 133.148,80.888,-1.7148;141.134,81.362,-2.3792;149.120,81.837,-3.0436;162.983,82.662,-4.1969;156.343,78.882,-3.7461;140.843,71.692,-2.6446;135.213,67.052,-2.3054;134.862,67.031,-2.2762;134.219,77.670,-1.9024;134.203,77.945,-1.8928;132.450,77.841,-1.7470;132.450,79.060,-1.7104;127.255,79.060,-1.2689;127.287,79.122,-1.2698;127.397,79.395,-1.2709;127.479,79.678,-1.2694;127.534,79.967,-1.2654;127.560,80.261,-1.2588;127.557,80.555,-1.2497
P [Pavers~with~Grass~Herringbone] 73.659,77.350,3.2342;83.712,77.948,2.3979;91.772,78.427,1.7273;97.364,78.759,1.2621;97.396,78.467,1.2506;97.457,78.179,1.2368;97.545,77.898,1.2209;97.660,77.627,1.2029;97.802,77.369,1.1832;97.815,77.350,1.1815
P - 69.340,65.740,2.1698;69.340,77.350,2.1698;98.930,77.350,2.1698;98.930,65.740,2.1698
P - 102.860,67.460,-0.6271;102.860,79.060,-0.6271;132.450,79.060,-0.6271;132.450,67.460,-0.6271
P - 68.850,79.430,2.9159;68.850,90.990,2.9159;98.420,90.990,2.9159;98.420,79.430,2.9159
P - 126.160,83.420,-1.8218;126.160,94.980,-1.8218;155.730,94.980,-1.8218;155.730,83.420,-1.8218
P - 35.810,63.750,3.3333;35.810,75.310,3.3333;65.370,75.310,3.3333;65.370,63.750,3.3333
P - 72.383,60.750,2.9276;71.745,49.640,2.9276;55.062,49.640,2.9276;53.821,50.739,2.9276;49.000,60.750,2.9276
P - 37.415,64.148,3.3333;37.415,64.151,3.3333;37.217,67.487,3.3333;37.187,67.986,3.3333;37.152,68.586,3.3333;37.146,68.685,3.3333;36.959,71.824,3.3333;37.458,71.854,3.3333;37.558,71.860,3.3333;38.257,71.901,3.3333;38.357,71.907,3.3333;38.956,71.943,3.3333;39.256,71.961,3.3333;41.252,72.079,3.3333;42.151,72.133,3.3333;42.131,72.469,3.3333;44.052,72.584,3.3333;45.249,72.655,3.3333;50.117,72.944,3.3333;50.137,72.946,3.3333;58.103,73.419,3.3333;58.123,73.083,3.3333;58.156,73.085,3.3333;58.323,73.095,3.3333;59.022,73.136,3.3333;61.019,73.255,3.3333;61.319,73.273,3.3333;63.316,73.392,3.3333;63.326,73.217,3.3333;63.502,70.253,3.3333;63.544,69.553,3.3333;63.574,69.055,3.3333;63.771,65.740,3.3333;63.772,65.715,3.3333;62.024,65.611,3.3333;60.227,65.504,3.3333;58.779,65.418,3.3333;58.580,65.406,3.3333;58.520,66.405,3.3333;58.420,68.092,3.3333;58.220,68.080,3.3333;54.427,67.854,3.3333;50.434,67.617,3.3333;47.732,67.456,3.3333;47.127,67.420,3.3333;46.441,67.379,3.3333;43.447,67.201,3.3333;42.648,67.154,3.3333;42.448,67.142,3.3333;42.558,65.305,3.3333;42.608,64.456,3.3333;42.408,64.445,3.3333;37.615,64.160,3.3333;37.450,64.150,3.3333;37.416,64.148,3.3333
P - 70.918,66.173,2.1698;70.917,66.176,2.1698;70.719,69.512,2.1698;70.690,70.010,2.1698;70.654,70.610,2.1698;70.648,70.710,2.1698;70.461,73.849,2.1698;70.443,74.153,2.1698;75.636,74.462,2.1698;83.621,74.937,2.1698;83.639,74.632,2.1698;86.947,74.829,2.1698;86.958,74.830,2.1698;87.633,74.870,2.1698;88.045,74.894,2.1698;88.292,74.909,2.1698;91.625,75.107,2.1698;91.658,75.109,2.1698;91.825,75.119,2.1698;92.525,75.161,2.1698;94.521,75.279,2.1698;94.821,75.297,2.1698;95.420,75.333,2.1698;96.818,75.416,2.1698;96.828,75.242,2.1698;97.005,72.277,2.1698;97.046,71.578,2.1698;97.076,71.080,2.1698;97.076,71.079,2.1698;97.273,67.765,2.1698;97.275,67.740,2.1698;92.082,67.431,2.1698;92.081,67.451,2.1698;91.922,70.116,2.1698;87.929,69.879,2.1698;83.936,69.641,2.1698;79.943,69.404,2.1698;76.949,69.225,2.1698;75.951,69.166,2.1698;76.060,67.330,2.1698;76.110,66.481,2.1698;74.463,66.383,2.1698;72.666,66.276,2.1698;72.267,66.252,2.1698;71.916,66.231,2.1698;70.952,66.174,2.1698;70.918,66.172,2.1698
P [Grass~Dark~Green] 125.034,77.124,-0.6271;125.066,77.126,-0.6271;125.233,77.136,-0.6271;125.933,77.178,-0.6271;127.929,77.296,-0.6271;128.229,77.314,-0.6271;130.226,77.433,-0.6271;130.236,77.259,-0.6271;130.413,74.294,-0.6271;130.454,73.595,-0.6271;130.484,73.096,-0.6271;130.681,69.782,-0.6271;130.683,69.756,-0.6271;130.682,69.756,-0.6271;130.483,69.745,-0.6271;125.690,69.459,-0.6271;125.490,69.448,-0.6271;125.330,72.133,-0.6271;125.131,72.121,-0.6271;121.337,71.895,-0.6271;117.344,71.658,-0.6271;114.643,71.497,-0.6271;114.037,71.461,-0.6271;113.352,71.420,-0.6271;109.558,71.195,-0.6271;109.359,71.183,-0.6271;109.468,69.346,-0.6271;109.518,68.505,-0.6271;109.518,68.498,-0.6271;109.319,68.486,-0.6271;104.525,68.201,-0.6271;104.360,68.191,-0.6271;104.326,68.189,-0.6271;104.325,68.192,-0.6271;104.127,71.529,-0.6271;104.098,72.027,-0.6271;104.062,72.627,-0.6271;104.056,72.727,-0.6271;103.869,75.865,-0.6271;104.369,75.895,-0.6271;104.468,75.901,-0.6271;105.167,75.943,-0.6271;105.267,75.949,-0.6271;105.866,75.984,-0.6271;105.996,75.992,-0.6271;106.166,76.002,-0.6271;108.163,76.121,-0.6271;125.033,77.124,-0.6271
P - 127.973,83.659,-1.8218;127.773,83.647,-1.8218;127.773,83.650,-1.8218;127.575,86.987,-1.8218;127.545,87.485,-1.8218;127.509,88.085,-1.8218;127.503,88.184,-1.8218;127.317,91.323,-1.8218;127.816,91.353,-1.8218;127.916,91.359,-1.8218;128.615,91.400,-1.8218;129.614,91.460,-1.8218;131.610,91.578,-1.8218;132.509,91.632,-1.8218;132.709,91.644,-1.8218;136.090,91.845,-1.8218;136.502,91.869,-1.8218;137.188,91.910,-1.8218;140.495,92.107,-1.8218;143.802,92.304,-1.8218;143.814,92.304,-1.8218;144.900,92.369,-1.8218;145.148,92.384,-1.8218;148.481,92.582,-1.8218;148.514,92.584,-1.8218;148.680,92.594,-1.8218;149.380,92.635,-1.8218;151.377,92.754,-1.8218;153.673,92.891,-1.8218;153.684,92.717,-1.8218;153.860,89.752,-1.8218;153.902,89.052,-1.8218;153.931,88.554,-1.8218;154.130,85.214,-1.8218;153.930,85.202,-1.8218;153.919,85.202,-1.8218;149.137,84.917,-1.8218;148.937,84.905,-1.8218;148.778,87.591,-1.8218;148.578,87.579,-1.8218;144.785,87.353,-1.8218;140.792,87.116,-1.8218;138.090,86.955,-1.8218;137.485,86.919,-1.8218;133.006,86.653,-1.8218;132.806,86.641,-1.8218;132.915,84.804,-1.8218;132.966,83.956,-1.8218;132.766,83.944,-1.8218
P - 23.350,76.740,7.1779;23.350,86.620,7.1779;36.139,86.620,7.1779;38.162,76.740,7.1779
P - 106.804,63.430,-0.6153;107.673,59.435,-0.6153;107.666,58.679,-0.6153;102.787,54.551,-0.6153;97.576,54.462,-0.6153;91.652,58.567,-0.6153;90.364,63.430,-0.6153
P [Grass~Dark~Green] 70.166,84.597,2.9159;70.202,83.998,2.9159;70.204,83.998,2.9159;70.233,83.499,2.9159;70.231,83.499,2.9159;70.430,80.163,2.9159;70.430,80.159,2.9159;71.428,80.219,2.9159;71.779,80.240,2.9159;72.179,80.263,2.9159;73.975,80.370,2.9159;75.423,80.456,2.9159;75.622,80.468,2.9159;75.572,81.317,2.9159;75.463,83.153,2.9159;75.662,83.165,2.9159;76.461,83.213,2.9159;79.456,83.391,2.9159;80.141,83.432,2.9159;80.747,83.468,2.9159;83.249,83.617,2.9159;83.449,83.628,2.9159;83.712,77.948,2.9159;66.748,76.939,2.9159;65.977,87.836,2.9159;69.974,87.836,2.9159;70.160,84.697,2.9159
P - 52.920,87.820,5.7891;52.920,77.680,5.7891;44.810,77.680,5.7891;44.810,79.190,5.7891;45.927,87.820,5.7891
P [Grass~Dark~Green] 69.293,49.002,2.9276;68.926,48.630,2.9276;64.754,48.527,2.9276;64.796,59.170,2.9276;72.268,59.615,2.9276;72.318,59.618,2.9276;71.823,51.002,2.9276
P [Grass~Dark~Green] 156.748,93.073,-1.8218;158.033,88.732,-1.8218;162.983,82.662,-1.8218;149.120,81.837,-1.8218;148.937,84.905,-1.8218;149.137,84.917,-1.8218;153.919,85.202,-1.8218;153.930,85.202,-1.8218;154.130,85.214,-1.8218;153.931,88.554,-1.8218;153.902,89.052,-1.8218;153.860,89.752,-1.8218;153.684,92.717,-1.8218;153.673,92.891,-1.8218
P [Grass~Dark~Green] 45.085,51.527,4.1414;44.695,57.975,4.1414;50.179,58.301,4.1414;53.821,50.739,4.1414;48.449,46.863,4.1414
P - 37.070,87.570,6.4158;45.895,87.570,6.4158;44.884,79.760,6.4158;37.544,79.760,6.4158;37.070,82.074,6.4158
P [Grass~Dark~Green] 55.455,76.267,5.7891;46.279,75.721,5.7891;46.102,78.702,5.7891;46.302,78.714,5.7891;47.750,78.800,5.7891;49.546,78.907,5.7891;49.946,78.931,5.7891;51.095,78.999,5.7891;51.295,79.011,5.7891;51.096,82.351,5.7891;51.067,82.849,5.7891;51.025,83.549,5.7891;50.838,86.687,5.7891;48.541,86.551,5.7891;46.545,86.432,5.7891;45.741,86.384,5.7891;45.809,86.912,5.7891;51.293,87.238,5.7891;54.768,87.454,5.7891;55.277,79.273,5.7891
P [Grass~Dark~Green] 134.219,77.670,-0.6271;134.862,67.031,-0.6271;125.667,66.475,-0.6271;125.490,69.448,-0.6271;125.690,69.459,-0.6271;130.483,69.745,-0.6271;130.682,69.756,-0.6271;130.683,69.756,-0.6271;130.681,69.782,-0.6271;130.484,73.096,-0.6271;130.454,73.595,-0.6271;130.413,74.294,-0.6271;130.236,77.259,-0.6271;130.226,77.433,-0.6271;130.226,77.708,-0.6271;134.203,77.945,-0.6271
P [Grass~Dark~Green] 100.321,75.930,2.1698;100.980,64.983,2.1698;92.261,64.456,2.1698;92.082,67.431,2.1698;97.275,67.740,2.1698;97.273,67.765,2.1698;97.076,71.079,2.1698;97.076,71.080,2.1698;97.046,71.578,2.1698;97.005,72.277,2.1698;96.828,75.242,2.1698;96.818,75.416,2.1698;95.420,75.333,2.1698;94.821,75.297,2.1698;94.521,75.279,2.1698;92.525,75.161,2.1698;91.825,75.119,2.1698;91.658,75.109,2.1698;91.625,75.107,2.1698;88.292,74.909,2.1698;88.045,74.894,2.1698;87.633,74.870,2.1698;86.958,74.830,2.1698;86.947,74.829,2.1698;83.639,74.632,2.1698;83.621,74.937,2.1698
P [Grass~Dark~Green] 127.575,86.987,-1.8218;127.773,83.650,-1.8218;127.773,83.647,-1.8218;127.973,83.659,-1.8218;132.766,83.944,-1.8218;132.966,83.956,-1.8218;133.148,80.888,-1.8218;123.963,80.341,-1.8218;123.785,83.336,-1.8218;123.208,90.260,-1.8218;127.317,91.323,-1.8218;127.503,88.184,-1.8218;127.509,88.085,-1.8218;127.545,87.485,-1.8218
P [Grass~Dark~Green] 63.544,69.553,3.3333;63.502,70.253,3.3333;63.326,73.217,3.3333;63.316,73.392,3.3333;61.319,73.273,3.3333;61.019,73.255,3.3333;59.022,73.136,3.3333;58.323,73.095,3.3333;58.156,73.085,3.3333;58.123,73.083,3.3333;58.103,73.419,3.3333;66.868,73.941,3.3333;67.570,62.964,3.3333;58.760,62.432,3.3333;58.580,65.406,3.3333;58.779,65.418,3.3333;60.227,65.504,3.3333;62.024,65.611,3.3333;63.772,65.715,3.3333;63.771,65.740,3.3333;63.574,69.055,3.3333
P [Grass~Dark~Green] 91.594,81.418,2.9159;91.794,81.430,2.9159;96.587,81.715,2.9159;96.787,81.727,2.9159;96.588,85.067,2.9159;96.558,85.565,2.9159;96.517,86.265,2.9159;96.340,89.229,2.9159;96.330,89.403,2.9159;100.483,88.366,2.9159;100.780,81.968,2.9159;100.958,78.973,2.9159;91.772,78.427,2.9159
P [Grass~Dark~Green] 42.151,72.133,3.3333;41.252,72.079,3.3333;39.256,71.961,3.3333;38.956,71.943,3.3333;38.357,71.907,3.3333;38.257,71.901,3.3333;37.558,71.860,3.3333;37.458,71.854,3.3333;36.959,71.824,3.3333;37.146,68.685,3.3333;37.152,68.586,3.3333;37.187,67.986,3.3333;37.217,67.487,3.3333;37.415,64.151,3.3333;37.415,64.148,3.3333;37.416,64.148,3.3333;37.450,64.150,3.3333;37.615,64.160,3.3333;42.408,64.445,3.3333;42.608,64.456,3.3333;42.789,61.467,3.3333;37.035,61.119,3.3333;30.538,71.780,3.3333;42.131,72.469,3.3333
P [Grass~Dark~Green] 54.084,58.533,2.9276;59.615,58.862,2.9276;59.772,48.404,2.9276;56.548,48.324,2.9276;54.258,50.352,2.9276
P [Grass~Dark~Green] 59.615,58.862,2.9276;64.796,59.170,2.9276;64.754,48.527,2.9276;59.772,48.404,2.9276
P [Grass~Dark~Green] 70.690,70.010,2.1698;70.719,69.512,2.1698;70.917,66.176,2.1698;70.918,66.173,2.1698;70.918,66.172,2.1698;70.952,66.174,2.1698;71.916,66.231,2.1698;72.267,66.252,2.1698;72.666,66.276,2.1698;74.463,66.383,2.1698;76.110,66.481,2.1698;76.291,63.491,2.1698;67.817,62.979,2.1698;67.157,73.958,2.1698;70.443,74.153,2.1698;70.461,73.849,2.1698;70.648,70.710,2.1698;70.654,70.610,2.1698
P [Grass~Dark~Green] 24.452,85.619,7.1779;29.644,85.929,7.1779;29.674,85.429,7.1779;28.775,85.375,7.1779;26.779,85.256,7.1779;24.482,85.120,7.1779;24.674,81.881,7.1779;24.739,80.783,7.1779;24.938,77.443,7.1779;25.138,77.455,7.1779;29.931,77.740,7.1779;30.131,77.752,7.1779;30.308,74.772,7.1779;24.618,74.433,7.1779;18.985,85.271,7.1779
P [Grass~Dark~Green] 104.062,72.627,-0.6271;104.098,72.027,-0.6271;104.127,71.529,-0.6271;104.325,68.192,-0.6271;104.326,68.189,-0.6271;104.360,68.191,-0.6271;104.525,68.201,-0.6271;109.319,68.486,-0.6271;109.518,68.498,-0.6271;109.696,65.510,-0.6271;101.274,65.001,-0.6271;100.713,75.953,-0.6271;103.853,76.140,-0.6271;103.869,75.865,-0.6271;104.056,72.727,-0.6271
P [Grass~Dark~Green] 105.107,54.195,-0.9397;105.078,54.694,-0.9397;105.072,54.794,-0.9397;105.033,55.443,-0.9397;105.024,55.593,-0.9397;104.994,56.092,-0.9397;104.976,56.403,-0.9397;105.980,57.252,-0.9397;108.513,57.403,-0.9397;109.419,56.038,-0.9397;111.212,50.203,-0.9397;111.001,50.052,-0.9397;103.072,49.579,-0.9397;103.040,49.624,-0.9397;102.812,54.058,-0.9397
P [Grass~Dark~Green] 140.792,87.116,-1.8218;144.785,87.353,-1.8218;148.578,87.579,-1.8218;148.778,87.591,-1.8218;148.937,84.905,-1.8218;149.120,81.837,-1.8218;141.134,81.362,-1.8218
P [Grass~Dark~Green] 133.006,86.653,-1.8218;137.485,86.919,-1.8218;138.090,86.955,-1.8218;140.792,87.116,-1.8218;141.134,81.362,-1.8218;133.148,80.888,-1.8218;132.966,83.956,-1.8218;132.915,84.804,-1.8218;132.806,86.641,-1.8218
P [Grass~Dark~Green] 83.712,77.948,2.9159;83.449,83.628,2.9159;83.648,83.640,2.9159;87.442,83.866,2.9159;91.235,84.092,2.9159;91.434,84.103,2.9159;91.535,82.416,2.9159;91.594,81.418,2.9159;91.772,78.427,2.9159
P [Grass~Dark~Green] 76.949,69.225,2.1698;79.943,69.404,2.1698;83.936,69.641,2.1698;84.299,63.975,2.1698;76.291,63.491,2.1698;76.110,66.481,2.1698;76.060,67.330,2.1698;75.951,69.166,2.1698
P [Grass~Dark~Green] 42.789,61.467,3.3333;42.608,64.456,3.3333;42.558,65.305,3.3333;42.448,67.142,3.3333;42.648,67.154,3.3333;43.447,67.201,3.3333;46.441,67.379,3.3333;47.127,67.420,3.3333;47.732,67.456,3.3333;50.434,67.617,3.3333;50.434,67.616,3.3333;50.777,61.950,3.3333
P [Grass~Dark~Green] 109.558,71.195,-0.6271;113.352,71.420,-0.6271;114.037,71.461,-0.6271;114.643,71.497,-0.6271;117.344,71.658,-0.6271;117.681,65.992,-0.6271;109.696,65.510,-0.6271;109.518,68.498,-0.6271;109.518,68.505,-0.6271;109.468,69.346,-0.6271;109.359,71.183,-0.6271
P [Grass~Dark~Green] 50.777,61.950,3.3333;50.434,67.616,3.3333;50.434,67.617,3.3333;54.427,67.854,3.3333;58.220,68.080,3.3333;58.420,68.092,3.3333;58.520,66.405,3.3333;58.580,65.406,3.3333;58.760,62.432,3.3333
P [Grass~Dark~Green] 125.667,66.475,-0.6271;117.681,65.992,-0.6271;117.344,71.658,-0.6271;121.337,71.895,-0.6271;125.131,72.121,-0.6271;125.330,72.133,-0.6271;125.490,69.448,-0.6271
P [Grass~Dark~Green] 87.929,69.879,2.1698;91.922,70.116,2.1698;92.081,67.451,2.1698;92.082,67.431,2.1698;92.261,64.456,2.1698;84.299,63.975,2.1698;83.936,69.641,2.1698
P [Grass~Dark~Green] 35.255,80.752,7.1779;37.251,80.870,7.1779;37.316,80.874,7.1779;38.224,76.438,7.1779;38.295,75.247,7.1779;30.308,74.772,7.1779;30.131,77.752,7.1779;29.971,80.437,7.1779;30.171,80.449,7.1779;33.964,80.675,7.1779;34.650,80.716,7.1779
P [Grass~Dark~Green] 87.959,56.181,0.8076;90.954,56.359,0.8076;91.053,56.365,0.8076;89.134,49.315,0.8076;84.724,51.759,0.8076;84.191,60.587,0.8076;86.687,60.735,0.8076;86.961,56.121,0.8076
P [Grass~Dark~Green] 86.961,56.121,0.8076;87.959,56.181,0.8076;90.954,56.359,0.8076;91.053,56.365,0.8076;89.134,49.315,0.8076;84.724,51.759,0.8076;84.191,60.587,0.8076;86.687,60.735,0.8076
P [Grass~Dark~Green] 94.531,56.572,-0.0424;94.966,56.271,-0.0424;95.012,55.498,-0.0424;95.042,54.999,-0.0424;95.051,54.849,-0.0424;95.089,54.200,-0.0424;95.095,54.101,-0.0424;95.125,53.602,-0.0424;95.380,49.175,-0.0424;89.946,48.865,-0.0424;89.134,49.315,-0.0424;91.053,56.365,-0.0424
P [Grass~Dark~Green] 94.531,56.572,-0.0424;94.966,56.271,-0.0424;95.012,55.498,-0.0424;95.042,54.999,-0.0424;95.051,54.849,-0.0424;95.089,54.200,-0.0424;95.095,54.101,-0.0424;95.125,53.602,-0.0424;95.380,49.175,-0.0424;89.946,48.865,-0.0424;89.134,49.315,-0.0424;91.053,56.365,-0.0424
P [Grass~Dark~Green] 38.466,75.257,6.4158;38.224,76.438,6.4158;37.957,80.912,6.4158;38.157,80.924,6.4158;38.650,80.954,6.4158;41.264,81.109,6.4158;41.950,81.150,6.4158;45.088,81.336,6.4158;44.346,75.606,6.4158
P [Grass~Dark~Green] 60.183,39.762,3.2001;59.849,39.379,3.2001;59.849,43.312,3.2001;59.772,48.404,3.2001;64.754,48.527,3.2001;64.738,44.382,3.2001
P [Grass~Dark~Green] 51.390,42.787,3.9632;48.449,46.863,3.9632;53.821,50.739,3.9632;54.258,50.352,3.9632;54.414,42.974,3.9632
P [Grass~Dark~Green] 73.764,52.537,0.8076;71.823,51.002,0.8076;72.318,59.618,0.8076;75.629,59.833,0.8076;75.989,54.297,0.8076
P - 44.640,46.360,4.1414;44.640,51.880,4.1414;49.020,51.880,4.1414;49.020,47.275,4.1414;47.752,46.360,4.1414
P - 52.270,47.370,3.9632;52.270,41.860,3.9632;47.890,41.860,3.9632;47.890,46.460,3.9632;49.152,47.370,3.9632
P [Grass~Dark~Green] 115.118,53.010,-1.8189;111.212,50.203,-1.8189;109.419,56.038,-1.8189;115.118,56.038,-1.8189
P [Grass~Dark~Green] 54.897,43.004,3.2001;56.548,48.324,3.2001;59.772,48.404,3.2001;59.849,43.312,3.2001
P [Grass~Dark~Green] 106.993,47.172,-0.8825;104.145,44.989,-0.8825;103.226,46.335,-0.8825;103.072,49.579,-0.8825;111.001,50.052,-0.8825
P [Grass~Dark~Green] 54.084,58.533,2.9276;54.258,50.352,2.9276;53.821,50.739,2.9276;50.179,58.301,2.9276
P [Grass~Dark~Green] 108.922,57.427,-1.8942;112.915,57.665,-1.8942;112.810,59.435,-1.8942;115.118,59.435,-1.8942;115.118,56.038,-1.8942;109.419,56.038,-1.8942;108.513,57.403,-1.8942
P [Grass~Dark~Green] 100.116,53.898,-0.4759;102.812,54.058,-0.4759;103.040,49.624,-0.4759;100.379,49.473,-0.4759
P [Grass~Dark~Green] 95.617,45.049,0.0151;90.203,48.722,0.0151;89.946,48.865,0.0151;95.380,49.175,0.0151
P [Grass~Dark~Green] 95.617,45.049,0.0151;90.203,48.722,0.0151;89.946,48.865,0.0151;95.380,49.175,0.0151
P [Grass~Dark~Green] 95.617,45.049,0.0151;95.380,49.175,0.0151;97.877,49.317,0.0151;98.072,46.019,0.0151;96.985,44.121,0.0151
P [Grass~Dark~Green] 95.125,53.602,-0.0424;97.619,53.750,-0.0424;97.885,49.331,-0.0424;97.877,49.317,-0.0424;95.380,49.175,-0.0424
P [Grass~Dark~Green] 100.116,53.898,-0.4759;100.379,49.473,-0.4759;97.885,49.331,-0.4759;97.619,53.750,-0.4759
P [Grass~Dark~Green] 96.985,44.121,-0.3630;98.072,46.019,-0.3630;100.576,46.173,-0.3630;100.799,42.424,-0.3630;100.183,41.952,-0.3630
P [Grass~Dark~Green] 54.414,42.974,3.9632;54.258,50.352,3.9632;56.548,48.324,3.9632;54.897,43.004,3.9632
P [Grass~Dark~Green] 100.379,49.473,-0.4183;103.040,49.624,-0.4183;103.072,49.579,-0.4183;103.226,46.335,-0.4183;100.576,46.173,-0.4183
P [Grass~Dark~Green] 64.738,44.382,3.2001;64.754,48.527,3.2001;68.926,48.630,3.2001
P [Grass~Dark~Green] 100.576,46.173,-0.3630;103.226,46.335,-0.3630;104.145,44.989,-0.3630;100.799,42.424,-0.3630
P [Grass~Dark~Green] 100.576,46.173,-0.4183;98.072,46.019,-0.4183;97.877,49.317,-0.4183;97.885,49.331,-0.4183;100.379,49.473,-0.4183
P [Grass~Dark~Green] 46.279,75.721,5.7891;44.346,75.606,5.7891;45.088,81.336,5.7891;45.743,81.375,5.7891;45.943,81.387,5.7891;46.043,79.700,5.7891;46.102,78.702,5.7891
P [Grass~Dark~Green] 112.618,62.656,-1.9695;115.118,62.656,-1.9695;115.118,59.435,-1.9695;112.810,59.435,-1.9695
P - 58.950,39.350,3.2001;58.950,43.860,3.2001;60.610,43.860,3.2001;60.610,39.350,3.2001
P - 115.930,52.280,-1.8189;114.370,52.280,-1.8189;114.370,56.038,-1.8189;115.930,56.038,-1.8189
P - 114.370,63.190,-1.9695;115.930,63.190,-1.9695;115.930,59.435,-1.9695;114.370,59.435,-1.9695
P - 83.930,51.720,0.8076;83.930,55.780,0.8076;85.270,55.780,0.8076;85.270,51.720,0.8076
P - 115.930,56.038,-1.8942;114.370,56.038,-1.8942;114.370,59.435,-1.8942;115.930,59.435,-1.8942
P - 104.960,53.450,-0.9397;106.300,53.450,-0.9397;106.300,49.771,-0.9397;104.960,49.692,-0.9397
P - 106.500,46.030,-0.8825;105.160,46.030,-0.8825;105.160,49.704,-0.8825;106.500,49.783,-0.8825
P - 99.610,53.170,-0.4759;100.950,53.170,-0.4759;100.950,49.505,-0.4759;99.610,49.429,-0.4759
P - 94.620,52.870,-0.0424;95.960,52.870,-0.0424;95.960,49.208,-0.0424;94.620,49.131,-0.0424
P - 96.150,45.480,0.0151;94.810,45.480,0.0151;94.810,49.142,0.0151;96.150,49.219,0.0151
P - 101.340,42.510,-0.3630;100.000,42.510,-0.3630;100.000,46.138,-0.3630;101.340,46.220,-0.3630
P - 101.140,46.207,-0.4183;99.800,46.125,-0.4183;99.800,49.440,-0.4183;101.140,49.516,-0.4183
P [Grass~Dark~Green] 100.980,64.983,2.1698;100.321,75.930,2.1698;100.713,75.953,2.1698;101.274,65.001,2.1698
P [Grass~Dark~Green] 67.570,62.964,3.3333;66.868,73.941,3.3333;67.157,73.958,3.3333;67.817,62.979,3.3333
P [Pavers~with~Grass~Herringbone] 101.309,75.989,0.8498;102.860,77.074,0.9023;100.958,78.973,1.2606
P [Pavers~with~Grass~Herringbone] 100.534,75.943,0.9083;100.060,78.920,1.3054;98.930,77.350,1.1723
P [Grass~Dark~Green] 38.157,80.924,6.4158;37.957,80.912,6.4158;38.224,76.438,6.4158;37.316,80.874,6.4158
P [Pavers~with~Grass~Herringbone] 100.534,75.943,0.9083;100.958,78.973,1.2606;100.060,78.920,1.3054
P [Pavers~with~Grass~Herringbone] 101.309,75.989,0.8498;100.958,78.973,1.2606;100.534,75.943,0.9083
P [Pavers~with~Grass~Herringbone] 102.860,77.074,0.9023;102.860,78.067,1.0307;100.958,78.973,1.2606
P [Grass~Dark~Green] 66.615,76.931,5.7891;66.437,79.924,5.7891;65.970,87.836,5.7891;65.977,87.836,5.7891;66.748,76.939,5.7891
P [Pavers~with~Grass~Herringbone] 126.658,80.502,-1.0840;126.279,79.060,-1.1015;127.397,79.395,-1.2709
P [Pavers~with~Grass~Herringbone] 126.279,79.060,-1.1015;125.760,80.448,-0.9185;125.303,79.060,-0.9527
P [Pavers~with~Grass~Herringbone] 100.060,78.920,1.3054;99.161,78.866,1.2908;98.930,77.350,1.1723
P [Pavers~with~Grass~Herringbone] 98.263,78.813,1.2764;98.930,77.350,1.1723;99.161,78.866,1.2908
P [Pavers~with~Grass~Herringbone] 125.303,79.060,-0.9527;124.861,80.395,-0.7530;124.327,79.060,-0.8487
P [Pavers~with~Grass~Herringbone] 126.658,80.502,-1.0840;125.760,80.448,-0.9185;126.279,79.060,-1.1015
P [Pavers~with~Grass~Herringbone] 124.327,79.060,-0.8487;123.963,80.341,-0.6482;123.351,79.060,-0.7600
P [Pavers~with~Grass~Herringbone] 125.303,79.060,-0.9527;125.760,80.448,-0.9185;124.861,80.395,-0.7530
P [Pavers~with~Grass~Herringbone] 123.351,79.060,-0.7600;123.004,80.284,-0.5687;122.376,79.060,-0.6714
P [Pavers~with~Grass~Herringbone] 123.351,79.060,-0.7600;123.963,80.341,-0.6482;123.004,80.284,-0.5687
P [Pavers~with~Grass~Herringbone] 124.327,79.060,-0.8487;124.861,80.395,-0.7530;123.963,80.341,-0.6482
P [Pavers~with~Grass~Herringbone] 97.545,77.898,1.2209;98.372,77.350,1.1794;98.263,78.813,1.2764
P [Pavers~with~Grass~Herringbone] 122.376,79.060,-0.6714;122.046,80.227,-0.4891;121.400,79.060,-0.5828
P [Pavers~with~Grass~Herringbone] 122.376,79.060,-0.6714;123.004,80.284,-0.5687;122.046,80.227,-0.4891
P [Pavers~with~Grass~Herringbone] 121.087,80.170,-0.4096;120.424,79.060,-0.4942;121.400,79.060,-0.5828
P [Pavers~with~Grass~Herringbone] 121.087,80.170,-0.4096;121.400,79.060,-0.5828;122.046,80.227,-0.4891
P [Pavers~with~Grass~Herringbone] 120.129,80.113,-0.3301;119.448,79.060,-0.4056;120.424,79.060,-0.4942
P [Pavers~with~Grass~Herringbone] 120.129,80.113,-0.3301;120.424,79.060,-0.4942;121.087,80.170,-0.4096
P [Pavers~with~Grass~Herringbone] 100.958,78.973,1.2606;102.860,78.067,1.0307;101.917,79.030,1.1810
P [Pavers~with~Grass~Herringbone] 119.170,80.056,-0.2505;118.473,79.060,-0.3170;119.448,79.060,-0.4056
P [Pavers~with~Grass~Herringbone] 119.170,80.056,-0.2505;119.448,79.060,-0.4056;120.129,80.113,-0.3301
P [Pavers~with~Grass~Herringbone] 102.860,78.067,1.0307;102.860,79.060,1.1020;101.917,79.030,1.1810
P [Pavers~with~Grass~Herringbone] 118.212,79.999,-0.1710;117.497,79.060,-0.2284;118.473,79.060,-0.3170
P [Pavers~with~Grass~Herringbone] 118.212,79.999,-0.1710;118.473,79.060,-0.3170;119.170,80.056,-0.2505
P [Pavers~with~Grass~Herringbone] 117.253,79.942,-0.0915;116.521,79.060,-0.1398;117.497,79.060,-0.2284
P [Pavers~with~Grass~Herringbone] 117.253,79.942,-0.0915;117.497,79.060,-0.2284;118.212,79.999,-0.1710
P [Grass~Dark~Green] 104.929,57.190,-0.6153;105.980,57.252,-0.6153;104.976,56.403,-0.6153
P [Pavers~with~Grass~Herringbone] 98.263,78.813,1.2764;98.372,77.350,1.1794;98.930,77.350,1.1723
P [Pavers~with~Grass~Herringbone] 116.295,79.885,-0.0119;115.545,79.060,-0.0513;116.521,79.060,-0.1398
P [Pavers~with~Grass~Herringbone] 116.295,79.885,-0.0119;116.521,79.060,-0.1398;117.253,79.942,-0.0915
P [Pavers~with~Grass~Herringbone] 102.860,76.081,0.7739;102.860,77.074,0.9023;102.085,76.035,0.8219
P [Pavers~with~Grass~Herringbone] 101.309,75.989,0.8498;102.085,76.035,0.8219;102.860,77.074,0.9023
P [Pavers~with~Grass~Herringbone] 115.336,79.828,0.0676;114.569,79.060,0.0373;115.545,79.060,-0.0513
P [Pavers~with~Grass~Herringbone] 115.336,79.828,0.0676;115.545,79.060,-0.0513;116.295,79.885,-0.0119
P [Pavers~with~Grass~Herringbone] 114.378,79.771,0.1471;113.594,79.060,0.1259;114.569,79.060,0.0373
P [Pavers~with~Grass~Herringbone] 114.378,79.771,0.1471;114.569,79.060,0.0373;115.336,79.828,0.0676
P [Pavers~with~Grass~Herringbone] 113.419,79.714,0.2267;112.618,79.060,0.2660;113.594,79.060,0.1259
P [Pavers~with~Grass~Herringbone] 113.419,79.714,0.2267;113.594,79.060,0.1259;114.378,79.771,0.1471
P [Pavers~with~Grass~Herringbone] 112.460,79.657,0.3062;111.642,79.060,0.3576;112.618,79.060,0.2660
P [Pavers~with~Grass~Herringbone] 112.460,79.657,0.3062;112.618,79.060,0.2660;113.419,79.714,0.2267
P [Pavers~with~Grass~Herringbone] 99.949,75.966,0.9586;98.930,77.350,1.1723;98.930,76.827,1.1157
P [Pavers~with~Grass~Herringbone] 111.502,79.600,0.3857;110.666,79.060,0.4403;111.642,79.060,0.3576
P [Pavers~with~Grass~Herringbone] 111.502,79.600,0.3857;111.642,79.060,0.3576;112.460,79.657,0.3062
P [Pavers~with~Grass~Herringbone] 110.543,79.543,0.4653;109.690,79.060,0.5231;110.666,79.060,0.4403
P [Pavers~with~Grass~Herringbone] 110.543,79.543,0.4653;110.666,79.060,0.4403;111.502,79.600,0.3857
P [Pavers~with~Grass~Herringbone] 109.585,79.486,0.5448;108.715,79.060,0.6058;109.690,79.060,0.5231
P [Pavers~with~Grass~Herringbone] 100.534,75.943,0.9083;98.930,77.350,1.1723;100.243,75.940,0.9329
P [Pavers~with~Grass~Herringbone] 109.585,79.486,0.5448;109.690,79.060,0.5231;110.543,79.543,0.4653
P [Pavers~with~Grass~Herringbone] 100.243,75.940,0.9329;98.930,77.350,1.1723;99.949,75.966,0.9586
P [Pavers~with~Grass~Herringbone] 108.626,79.429,0.6243;107.739,79.060,0.6885;108.715,79.060,0.6058
P [Pavers~with~Grass~Herringbone] 108.626,79.429,0.6243;108.715,79.060,0.6058;109.585,79.486,0.5448
P [Pavers~with~Grass~Herringbone] 107.668,79.372,0.7038;106.763,79.060,0.7712;107.739,79.060,0.6885
P [Pavers~with~Grass~Herringbone] 107.668,79.372,0.7038;107.739,79.060,0.6885;108.626,79.429,0.6243
P [Pavers~with~Grass~Herringbone] 126.658,80.502,-1.0840;127.397,79.395,-1.2709;127.479,79.678,-1.2694
P [Pavers~with~Grass~Herringbone] 126.658,80.502,-1.0840;127.479,79.678,-1.2694;127.534,79.967,-1.2654
P [Pavers~with~Grass~Herringbone] 97.545,77.898,1.2209;98.263,78.813,1.2764;97.457,78.179,1.2368
P [Pavers~with~Grass~Herringbone] 126.658,80.502,-1.0840;127.534,79.967,-1.2654;127.560,80.261,-1.2588
P [Pavers~with~Grass~Herringbone] 97.457,78.179,1.2368;98.263,78.813,1.2764;97.396,78.467,1.2506
P [Pavers~with~Grass~Herringbone] 127.397,79.395,-1.2709;126.279,79.060,-1.1015;127.287,79.122,-1.2698
P [Pavers~with~Grass~Herringbone] 127.557,80.555,-1.2497;126.658,80.502,-1.0840;127.560,80.261,-1.2588
P [Pavers~with~Grass~Herringbone] 97.364,78.759,1.2621;97.396,78.467,1.2506;98.263,78.813,1.2764
P [Pavers~with~Grass~Herringbone] 106.709,79.315,0.7834;105.787,79.060,0.8539;106.763,79.060,0.7712
P [Pavers~with~Grass~Herringbone] 106.709,79.315,0.7834;106.763,79.060,0.7712;107.668,79.372,0.7038
P [Grass~Dark~Green] 38.295,75.247,7.1779;38.224,76.438,7.1779;38.466,75.257,7.1779
P [Pavers~with~Grass~Herringbone] 99.949,75.966,0.9586;98.930,76.827,1.1157;99.660,76.020,0.9848
P [Pavers~with~Grass~Herringbone] 105.751,79.258,0.8629;104.812,79.060,0.9366;105.787,79.060,0.8539
P [Pavers~with~Grass~Herringbone] 105.751,79.258,0.8629;105.787,79.060,0.8539;106.709,79.315,0.7834
P [Pavers~with~Grass~Herringbone] 99.660,76.020,0.9848;98.930,76.827,1.1157;99.377,76.103,1.0113
P [Pavers~with~Grass~Herringbone] 97.660,77.627,1.2029;98.372,77.350,1.1794;97.545,77.898,1.2209
P [Grass~Dark~Green] 45.646,86.378,6.4158;45.615,86.900,6.4158;45.809,86.912,6.4158;45.741,86.384,6.4158
P [Pavers~with~Grass~Herringbone] 99.377,76.103,1.0113;98.930,76.827,1.1157;99.104,76.212,1.0378
P [Pavers~with~Grass~Herringbone] 97.802,77.369,1.1832;98.372,77.350,1.1794;97.660,77.627,1.2029
P [Pavers~with~Grass~Herringbone] 104.792,79.201,0.9424;103.836,79.060,1.0193;104.812,79.060,0.9366
P [Pavers~with~Grass~Herringbone] 104.792,79.201,0.9424;104.812,79.060,0.9366;105.751,79.258,0.8629
P [Grass~Dark~Green] 94.947,56.597,-0.6153;94.966,56.271,-0.6153;94.531,56.572,-0.6153
P [Grass~Dark~Green] 94.947,56.597,-0.6153;94.966,56.271,-0.6153;94.531,56.572,-0.6153
P [Pavers~with~Grass~Herringbone] 99.104,76.212,1.0378;98.930,76.827,1.1157;98.930,76.303,1.0557
P [Pavers~with~Grass~Herringbone] 103.834,79.144,1.0220;102.875,79.087,1.1015;103.836,79.060,1.0193
P [Pavers~with~Grass~Herringbone] 103.834,79.144,1.0220;103.836,79.060,1.0193;104.792,79.201,0.9424
P [Pavers~with~Grass~Herringbone] 127.255,79.060,-1.2686;127.287,79.122,-1.2698;126.279,79.060,-1.1015
P [Pavers~with~Grass~Herringbone] 102.875,79.087,1.1015;102.860,79.060,1.1020;103.836,79.060,1.0193
P [Pavers~with~Grass~Herringbone] 102.875,79.087,1.1015;101.917,79.030,1.1810;102.860,79.060,1.1020
