Q 33.603 60.912 4.518 34.461 60.964 4.447 34.461 60.964 4.937 33.603 60.912 5.012
Q 34.461 60.964 4.447 35.319 61.016 4.375 35.319 61.016 4.863 34.461 60.964 4.937
Q 35.319 61.016 4.375 36.177 61.067 4.304 36.177 61.067 4.788 35.319 61.016 4.863
Q 36.177 61.067 4.304 37.035 61.119 4.233 37.035 61.119 4.713 36.177 61.067 4.788
Q 37.035 61.119 3.333 37.994 61.177 3.333 37.994 61.177 4.630 37.035 61.119 4.713
Q 37.994 61.177 3.333 38.953 61.235 3.333 38.953 61.235 4.547 37.994 61.177 4.630
Q 38.953 61.235 3.333 39.912 61.293 3.333 39.912 61.293 4.463 38.953 61.235 4.547
Q 39.912 61.293 3.333 40.871 61.351 3.333 40.871 61.351 4.380 39.912 61.293 4.463
Q 40.871 61.351 3.333 41.830 61.409 3.333 41.830 61.409 4.297 40.871 61.351 4.380
Q 41.830 61.409 3.333 42.789 61.467 3.333 42.789 61.467 4.213 41.830 61.409 4.297
Q 42.789 61.467 3.333 43.677 61.521 3.333 43.677 61.521 4.136 42.789 61.467 4.213
Q 43.677 61.521 3.333 44.564 61.574 3.333 44.564 61.574 4.059 43.677 61.521 4.136
Q 44.564 61.574 3.333 45.452 61.628 3.333 45.452 61.628 3.982 44.564 61.574 4.059
Q 45.452 61.628 3.333 46.339 61.682 3.333 46.339 61.682 3.905 45.452 61.628 3.982
Q 46.339 61.682 3.333 47.227 61.735 3.333 47.227 61.735 3.828 46.339 61.682 3.905
Q 47.227 61.735 3.333 48.114 61.789 3.333 48.114 61.789 3.751 47.227 61.735 3.828
Q 48.114 61.789 3.333 49.002 61.843 3.333 49.002 61.843 3.674 48.114 61.789 3.751
Q 49.002 61.843 3.333 49.889 61.896 3.333 49.889 61.896 3.597 49.002 61.843 3.674
Q 49.889 61.896 3.333 50.777 61.950 3.333 50.777 61.950 3.519 49.889 61.896 3.597
Q 50.777 61.950 3.333 51.775 62.010 3.333 51.775 62.010 3.433 50.777 61.950 3.519
Q 51.775 62.010 3.333 52.773 62.071 3.333 52.773 62.071 3.346 51.775 62.010 3.433
Q 52.773 62.071 3.333 53.771 62.131 3.259 53.771 62.131 3.333 52.773 62.071 3.346
Q 53.771 62.131 3.259 54.769 62.191 3.173 54.769 62.191 3.333 53.771 62.131 3.333
Q 54.769 62.191 3.173 55.766 62.251 3.086 55.766 62.251 3.333 54.769 62.191 3.333
Q 55.766 62.251 3.086 56.764 62.312 2.999 56.764 62.312 3.333 55.766 62.251 3.333
Q 56.764 62.312 2.999 57.762 62.372 2.913 57.762 62.372 3.333 56.764 62.312 3.333
Q 57.762 62.372 2.913 58.760 62.432 2.826 58.760 62.432 3.333 57.762 62.372 3.333
Q 58.760 62.432 2.826 59.739 62.491 2.741 59.739 62.491 3.333 58.760 62.432 3.333
Q 59.739 62.491 2.741 60.718 62.550 2.656 60.718 62.550 3.333 59.739 62.491 3.333
Q 60.718 62.550 2.656 61.697 62.609 2.571 61.697 62.609 3.333 60.718 62.550 3.333
Q 61.697 62.609 2.571 62.676 62.668 2.486 62.676 62.668 3.333 61.697 62.609 3.333
Q 62.676 62.668 2.486 63.654 62.728 2.401 63.654 62.728 3.333 62.676 62.668 3.333
Q 63.654 62.728 2.401 64.633 62.787 2.316 64.633 62.787 3.333 63.654 62.728 3.333
Q 64.633 62.787 2.316 65.612 62.846 2.230 65.612 62.846 3.333 64.633 62.787 3.333
Q 65.612 62.846 2.230 66.591 62.905 2.145 66.591 62.905 3.333 65.612 62.846 3.333
Q 66.591 62.905 2.145 67.570 62.964 2.060 67.570 62.964 3.333 66.591 62.905 3.333
Q 67.570 62.964 2.060 68.539 63.023 1.976 68.539 63.023 2.170 67.570 62.964 2.170
Q 68.539 63.023 1.976 69.508 63.081 1.892 69.508 63.081 2.170 68.539 63.023 2.170
Q 69.508 63.081 1.892 70.477 63.140 1.808 70.477 63.140 2.170 69.508 63.081 2.170
Q 70.477 63.140 1.808 71.446 63.198 1.724 71.446 63.198 2.170 70.477 63.140 2.170
Q 71.446 63.198 1.724 72.415 63.257 1.639 72.415 63.257 2.170 71.446 63.198 2.170
Q 72.415 63.257 1.639 73.384 63.315 1.555 73.384 63.315 2.170 72.415 63.257 2.170
Q 73.384 63.315 1.555 74.353 63.374 1.471 74.353 63.374 2.170 73.384 63.315 2.170
Q 74.353 63.374 1.471 75.322 63.432 1.387 75.322 63.432 2.170 74.353 63.374 2.170
Q 75.322 63.432 1.387 76.291 63.491 1.303 76.291 63.491 2.170 75.322 63.432 2.170
Q 76.291 63.491 1.303 77.181 63.545 1.225 77.181 63.545 2.170 76.291 63.491 2.170
Q 77.181 63.545 1.225 78.071 63.599 1.148 78.071 63.599 2.170 77.181 63.545 2.170
Q 78.071 63.599 1.148 78.960 63.652 1.071 78.960 63.652 2.170 78.071 63.599 2.170
Q 78.960 63.652 1.071 79.850 63.706 0.993 79.850 63.706 2.170 78.960 63.652 2.170
Q 79.850 63.706 0.993 80.740 63.760 0.916 80.740 63.760 2.170 79.850 63.706 2.170
Q 80.740 63.760 0.916 81.630 63.814 0.839 81.630 63.814 2.170 80.740 63.760 2.170
Q 81.630 63.814 0.839 82.519 63.867 0.761 82.519 63.867 2.170 81.630 63.814 2.170
Q 82.519 63.867 0.761 83.409 63.921 0.684 83.409 63.921 2.170 82.519 63.867 2.170
Q 83.409 63.921 0.684 84.299 63.975 0.607 84.299 63.975 2.170 83.409 63.921 2.170
Q 84.299 63.975 0.607 85.294 64.035 0.520 85.294 64.035 2.170 84.299 63.975 2.170
Q 85.294 64.035 0.520 86.290 64.095 0.434 86.290 64.095 2.170 85.294 64.035 2.170
Q 86.290 64.095 0.434 87.285 64.155 0.347 87.285 64.155 2.170 86.290 64.095 2.170
Q 87.285 64.155 0.347 88.280 64.216 0.261 88.280 64.216 2.170 87.285 64.155 2.170
Q 88.280 64.216 0.261 89.275 64.276 0.174 89.275 64.276 2.170 88.280 64.216 2.170
Q 89.275 64.276 0.174 90.270 64.336 0.088 90.270 64.336 2.170 89.275 64.276 2.170
Q 90.270 64.336 0.088 91.266 64.396 0.001 91.266 64.396 2.170 90.270 64.336 2.170
Q 91.266 64.396 0.001 92.261 64.456 -0.085 92.261 64.456 2.170 91.266 64.396 2.170
Q 92.261 64.456 -0.085 93.230 64.515 -0.169 93.230 64.515 2.170 92.261 64.456 2.170
Q 93.230 64.515 -0.169 94.199 64.573 -0.253 94.199 64.573 2.170 93.230 64.515 2.170
Q 94.199 64.573 -0.253 95.167 64.632 -0.338 95.167 64.632 2.170 94.199 64.573 2.170
Q 95.167 64.632 -0.338 96.136 64.690 -0.422 96.136 64.690 2.170 95.167 64.632 2.170
Q 96.136 64.690 -0.422 97.105 64.749 -0.506 97.105 64.749 2.170 96.136 64.690 2.170
Q 97.105 64.749 -0.506 98.074 64.807 -0.590 98.074 64.807 2.170 97.105 64.749 2.170
Q 98.074 64.807 -0.590 99.042 64.866 -0.674 99.042 64.866 2.170 98.074 64.807 2.170
Q 99.042 64.866 -0.674 100.011 64.924 -0.758 100.011 64.924 2.170 99.042 64.866 2.170
Q 100.011 64.924 -0.758 100.980 64.983 -0.843 100.980 64.983 2.170 100.011 64.924 2.170
Q 100.980 64.983 -0.843 101.948 65.042 -0.927 101.948 65.042 -0.627 100.980 64.983 -0.627
Q 101.948 65.042 -0.927 102.917 65.100 -1.011 102.917 65.100 -0.627 101.948 65.042 -0.627
Q 102.917 65.100 -1.011 103.885 65.159 -1.095 103.885 65.159 -0.627 102.917 65.100 -0.627
Q 103.885 65.159 -1.095 104.854 65.217 -1.179 104.854 65.217 -0.627 103.885 65.159 -0.627
Q 104.854 65.217 -1.179 105.822 65.276 -1.263 105.822 65.276 -0.627 104.854 65.217 -0.627
Q 105.822 65.276 -1.263 106.791 65.334 -1.347 106.791 65.334 -0.627 105.822 65.276 -0.627
Q 106.791 65.334 -1.347 107.759 65.393 -1.432 107.759 65.393 -0.627 106.791 65.334 -0.627
Q 107.759 65.393 -1.432 108.728 65.451 -1.516 108.728 65.451 -0.627 107.759 65.393 -0.627
Q 108.728 65.451 -1.516 109.696 65.510 -1.600 109.696 65.510 -0.627 108.728 65.451 -0.627
Q 109.696 65.510 -1.600 110.694 65.570 -1.687 110.694 65.570 -0.627 109.696 65.510 -0.627
Q 110.694 65.570 -1.687 111.692 65.631 -1.773 111.692 65.631 -0.627 110.694 65.570 -0.627
Q 111.692 65.631 -1.773 112.690 65.691 -1.860 112.690 65.691 -0.627 111.692 65.631 -0.627
Q 112.690 65.691 -1.860 113.689 65.751 -1.947 113.689 65.751 -0.627 112.690 65.691 -0.627
Q 113.689 65.751 -1.947 114.687 65.811 -2.033 114.687 65.811 -0.627 113.689 65.751 -0.627
Q 114.687 65.811 -2.033 115.685 65.871 -2.120 115.685 65.871 -0.627 114.687 65.811 -0.627
Q 115.685 65.871 -2.120 116.683 65.932 -2.207 116.683 65.932 -0.627 115.685 65.871 -0.627
Q 116.683 65.932 -2.207 117.681 65.992 -2.294 117.681 65.992 -0.627 116.683 65.932 -0.627
Q 117.681 65.992 -2.294 118.568 66.046 -2.371 118.568 66.046 -0.627 117.681 65.992 -0.627
Q 118.568 66.046 -2.371 119.456 66.099 -2.448 119.456 66.099 -0.627 118.568 66.046 -0.627
Q 119.456 66.099 -2.448 120.343 66.153 -2.525 120.343 66.153 -0.627 119.456 66.099 -0.627
Q 120.343 66.153 -2.525 121.230 66.207 -2.602 121.230 66.207 -0.627 120.343 66.153 -0.627
Q 121.230 66.207 -2.602 122.118 66.260 -2.679 122.118 66.260 -0.627 121.230 66.207 -0.627
Q 122.118 66.260 -2.679 123.005 66.314 -2.756 123.005 66.314 -0.627 122.118 66.260 -0.627
Q 123.005 66.314 -2.756 123.892 66.368 -2.833 123.892 66.368 -0.627 123.005 66.314 -0.627
Q 123.892 66.368 -2.833 124.780 66.421 -2.910 124.780 66.421 -0.627 123.892 66.368 -0.627
Q 124.780 66.421 -2.910 125.667 66.475 -2.988 125.667 66.475 -0.627 124.780 66.421 -0.627
Q 125.667 66.475 -2.988 126.532 66.527 -3.063 126.532 66.527 -0.627 125.667 66.475 -0.627
Q 126.532 66.527 -3.063 127.398 66.580 -3.138 127.398 66.580 -0.627 126.532 66.527 -0.627
Q 127.398 66.580 -3.138 128.263 66.632 -3.213 128.263 66.632 -0.627 127.398 66.580 -0.627
Q 128.263 66.632 -3.213 129.128 66.684 -3.288 129.128 66.684 -0.627 128.263 66.632 -0.627
Q 129.128 66.684 -3.288 129.994 66.737 -3.363 129.994 66.737 -0.627 129.128 66.684 -0.627
Q 129.994 66.737 -3.363 130.859 66.789 -3.439 130.859 66.789 -0.627 129.994 66.737 -0.627
Q 130.859 66.789 -3.439 131.660 66.837 -3.508 131.660 66.837 -0.627 130.859 66.789 -0.627
Q 131.660 66.837 -3.508 132.460 66.886 -3.578 132.460 66.886 -0.627 131.660 66.837 -0.627
Q 132.460 66.886 -3.578 133.261 66.934 -3.647 133.261 66.934 -0.627 132.460 66.886 -0.627
Q 133.261 66.934 -3.647 134.061 66.983 -3.717 134.061 66.983 -0.627 133.261 66.934 -0.627
Q 134.061 66.983 -3.717 134.862 67.031 -3.786 134.862 67.031 -0.627 134.061 66.983 -0.627
Q 134.862 67.031 -3.786 135.213 67.052 -3.817 135.213 67.052 -2.305 134.862 67.031 -2.276
Q 115.930 53.593 -1.869 115.930 54.408 -1.887 115.930 54.408 -1.819 115.930 53.593 -1.819
Q 115.930 54.408 -1.887 115.930 55.223 -1.905 115.930 55.223 -1.819 115.930 54.408 -1.819
Q 115.930 55.223 -1.905 115.930 56.038 -1.923 115.930 56.038 -1.819 115.930 55.223 -1.819
Q 115.930 56.038 -1.923 115.930 56.887 -1.942 115.930 56.887 -1.894 115.930 56.038 -1.894
Q 115.930 56.887 -1.942 115.930 57.736 -1.961 115.930 57.736 -1.894 115.930 56.887 -1.894
Q 115.930 57.736 -1.961 115.930 58.586 -1.980 115.930 58.586 -1.894 115.930 57.736 -1.894
Q 115.930 58.586 -1.980 115.930 59.435 -1.999 115.930 59.435 -1.894 115.930 58.586 -1.894
Q 115.930 59.435 -1.999 115.930 60.374 -2.019 115.930 60.374 -1.969 115.930 59.435 -1.969
Q 115.930 60.374 -2.019 115.930 61.312 -2.040 115.930 61.312 -1.969 115.930 60.374 -1.969
Q 115.930 61.312 -2.040 115.930 62.251 -2.061 115.930 62.251 -1.969 115.930 61.312 -1.969
Q 115.930 62.251 -2.061 115.930 63.190 -2.082 115.930 63.190 -1.969 115.930 62.251 -1.969
Q 115.930 63.190 -2.082 115.150 63.190 -2.015 115.150 63.190 -1.969 115.930 63.190 -1.969
Q 115.150 63.190 -2.015 114.370 63.190 -1.969 114.370 63.190 -1.948 115.150 63.190 -1.969
Q 114.370 63.190 -1.969 114.370 62.656 -1.969 114.370 62.656 -1.936 114.370 63.190 -1.948
Q 114.370 62.656 -1.969 113.494 62.656 -1.969 113.494 62.656 -1.862 114.370 62.656 -1.936
Q 113.494 62.656 -1.969 112.618 62.656 -1.969 112.618 62.656 -1.787 113.494 62.656 -1.862
Q 112.618 62.656 -1.969 112.666 61.851 -1.969 112.666 61.851 -1.773 112.618 62.656 -1.787
Q 112.666 61.851 -1.969 112.714 61.046 -1.969 112.714 61.046 -1.759 112.666 61.851 -1.773
Q 112.714 61.046 -1.969 112.762 60.240 -1.969 112.762 60.240 -1.745 112.714 61.046 -1.759
Q 112.762 60.240 -1.969 112.810 59.435 -1.969 112.810 59.435 -1.732 112.762 60.240 -1.745
Q 112.810 59.435 -1.894 112.862 58.550 -1.894 112.862 58.550 -1.717 112.810 59.435 -1.732
Q 112.862 58.550 -1.894 112.915 57.665 -1.894 112.915 57.665 -1.701 112.862 58.550 -1.717
Q 112.915 57.665 -1.894 112.116 57.617 -1.894 112.116 57.617 -1.632 112.915 57.665 -1.701
Q 112.116 57.617 -1.894 111.318 57.570 -1.894 111.318 57.570 -1.563 112.116 57.617 -1.632
Q 111.318 57.570 -1.894 110.519 57.522 -1.894 110.519 57.522 -1.493 111.318 57.570 -1.563
Q 110.519 57.522 -1.894 109.721 57.475 -1.894 109.721 57.475 -1.424 110.519 57.522 -1.493
Q 109.721 57.475 -1.894 108.922 57.427 -1.894 108.922 57.427 -1.355 109.721 57.475 -1.424
Q 108.922 57.427 -1.355 107.941 57.369 -1.269 107.941 57.369 -0.940 108.922 57.427 -0.940
Q 107.941 57.369 -1.269 106.960 57.311 -1.184 106.960 57.311 -0.940 107.941 57.369 -0.940
Q 106.960 57.311 -1.184 105.980 57.252 -1.099 105.980 57.252 -0.940 106.960 57.311 -0.940
Q 105.980 57.252 -1.099 106.542 57.728 -1.158 106.542 57.728 -0.615 105.980 57.252 -0.615
Q 106.542 57.728 -1.158 107.104 58.203 -1.216 107.104 58.203 -0.615 106.542 57.728 -0.615
Q 107.104 58.203 -1.216 107.666 58.679 -1.275 107.666 58.679 -0.615 107.104 58.203 -0.615
Q 107.666 58.679 -1.275 107.673 59.435 -1.292 107.673 59.435 -0.615 107.666 58.679 -0.615
Q 107.673 59.435 -1.292 107.499 60.234 -1.295 107.499 60.234 -0.615 107.673 59.435 -0.615
Q 107.499 60.234 -1.295 107.325 61.033 -1.298 107.325 61.033 -0.615 107.499 60.234 -0.615
Q 107.325 61.033 -1.298 107.151 61.832 -1.301 107.151 61.832 -0.615 107.325 61.033 -0.615
Q 107.151 61.832 -1.301 106.977 62.631 -1.303 106.977 62.631 -0.615 107.151 61.832 -0.615
Q 106.977 62.631 -1.303 106.804 63.430 -1.306 106.804 63.430 -0.615 106.977 62.631 -0.615
Q 106.804 63.430 -1.306 105.837 63.430 -1.224 105.837 63.430 -0.615 106.804 63.430 -0.615
Q 105.837 63.430 -1.224 104.870 63.430 -1.141 104.870 63.430 -0.615 105.837 63.430 -0.615
Q 104.870 63.430 -1.141 103.902 63.430 -1.058 103.902 63.430 -0.615 104.870 63.430 -0.615
Q 103.902 63.430 -1.058 102.935 63.430 -0.975 102.935 63.430 -0.615 103.902 63.430 -0.615
Q 102.935 63.430 -0.975 101.968 63.430 -0.893 101.968 63.430 -0.615 102.935 63.430 -0.615
Q 101.968 63.430 -0.893 101.001 63.430 -0.810 101.001 63.430 -0.615 101.968 63.430 -0.615
Q 101.001 63.430 -0.810 100.034 63.430 -0.727 100.034 63.430 -0.615 101.001 63.430 -0.615
Q 100.034 63.430 -0.727 99.067 63.430 -0.644 99.067 63.430 -0.615 100.034 63.430 -0.615
Q 99.067 63.430 -0.644 98.100 63.430 -0.615 98.100 63.430 -0.562 99.067 63.430 -0.615
Q 98.100 63.430 -0.615 97.133 63.430 -0.615 97.133 63.430 -0.479 98.100 63.430 -0.562
Q 97.133 63.430 -0.615 96.166 63.430 -0.615 96.166 63.430 -0.396 97.133 63.430 -0.479
Q 96.166 63.430 -0.615 95.199 63.430 -0.615 95.199 63.430 -0.314 96.166 63.430 -0.396
Q 95.199 63.430 -0.615 94.232 63.430 -0.615 94.232 63.430 -0.231 95.199 63.430 -0.314
Q 94.232 63.430 -0.615 93.265 63.430 -0.615 93.265 63.430 -0.148 94.232 63.430 -0.231
Q 93.265 63.430 -0.615 92.298 63.430 -0.615 92.298 63.430 -0.065 93.265 63.430 -0.148
Q 92.298 63.430 -0.615 91.331 63.430 -0.615 91.331 63.430 0.017 92.298 63.430 -0.065
Q 91.331 63.430 -0.615 90.364 63.430 -0.615 90.364 63.430 0.100 91.331 63.430 0.017
Q 90.364 63.430 -0.615 90.579 62.620 -0.615 90.579 62.620 0.100 90.364 63.430 0.100
Q 90.579 62.620 -0.615 90.793 61.809 -0.615 90.793 61.809 0.099 90.579 62.620 0.100
Q 90.793 61.809 -0.615 91.008 60.999 -0.615 91.008 60.999 0.099 90.793 61.809 0.099
Q 91.008 60.999 -0.615 91.223 60.188 -0.615 91.223 60.188 0.098 91.008 60.999 0.099
Q 91.223 60.188 -0.615 91.438 59.378 -0.615 91.438 59.378 0.098 91.223 60.188 0.098
Q 91.438 59.378 -0.615 91.652 58.567 -0.615 91.652 58.567 0.098 91.438 59.378 0.098
Q 91.652 58.567 -0.615 92.372 58.069 -0.615 92.372 58.069 0.047 91.652 58.567 0.098
Q 92.372 58.069 -0.615 93.092 57.570 -0.615 93.092 57.570 -0.003 92.372 58.069 0.047
Q 93.092 57.570 -0.615 93.812 57.071 -0.615 93.812 57.071 -0.054 93.092 57.570 -0.003
Q 93.812 57.071 -0.615 94.531 56.572 -0.615 94.531 56.572 -0.105 93.812 57.071 -0.054
Q 94.531 56.572 -0.105 93.748 56.526 -0.042 93.748 56.526 -0.036 94.531 56.572 -0.042
Q 93.748 56.526 -0.042 92.965 56.479 -0.042 92.965 56.479 0.032 93.748 56.526 -0.036
Q 92.965 56.479 -0.042 92.182 56.432 -0.042 92.182 56.432 0.100 92.965 56.479 0.032
Q 92.182 56.432 -0.042 91.568 56.396 -0.042 91.568 56.396 0.153 92.182 56.432 0.100
Q 91.568 56.396 -0.042 90.954 56.359 -0.042 90.954 56.359 0.206 91.568 56.396 0.153
Q 90.954 56.359 0.206 90.205 56.315 0.271 90.205 56.315 0.808 90.954 56.359 0.808
Q 90.205 56.315 0.271 89.457 56.270 0.336 89.457 56.270 0.808 90.205 56.315 0.808
Q 89.457 56.270 0.336 88.708 56.225 0.401 88.708 56.225 0.808 89.457 56.270 0.808
Q 88.708 56.225 0.401 87.959 56.181 0.466 87.959 56.181 0.808 88.708 56.225 0.808
Q 87.959 56.181 0.466 86.961 56.121 0.553 86.961 56.121 0.808 87.959 56.181 0.808
Q 86.961 56.121 0.553 86.906 57.044 0.537 86.906 57.044 0.808 86.961 56.121 0.808
Q 86.906 57.044 0.537 86.851 57.967 0.522 86.851 57.967 0.808 86.906 57.044 0.808
Q 86.851 57.967 0.522 86.797 58.889 0.506 86.797 58.889 0.808 86.851 57.967 0.808
Q 86.797 58.889 0.506 86.742 59.812 0.490 86.742 59.812 0.808 86.797 58.889 0.808
Q 86.742 59.812 0.490 86.687 60.735 0.474 86.687 60.735 0.808 86.742 59.812 0.808
Q 86.687 60.735 0.474 85.855 60.686 0.547 85.855 60.686 0.808 86.687 60.735 0.808
Q 85.855 60.686 0.547 85.023 60.636 0.619 85.023 60.636 0.808 85.855 60.686 0.808
Q 85.023 60.636 0.619 84.191 60.587 0.691 84.191 60.587 0.808 85.023 60.636 0.808
Q 84.191 60.587 0.691 84.249 59.626 0.707 84.249 59.626 0.808 84.191 60.587 0.808
Q 84.249 59.626 0.707 84.307 58.664 0.724 84.307 58.664 0.808 84.249 59.626 0.808
Q 84.307 58.664 0.724 84.365 57.703 0.740 84.365 57.703 0.808 84.307 58.664 0.808
Q 84.365 57.703 0.740 84.423 56.741 0.756 84.423 56.741 0.808 84.365 57.703 0.808
Q 84.423 56.741 0.756 84.481 55.780 0.773 84.481 55.780 0.808 84.423 56.741 0.808
Q 84.481 55.780 0.773 83.930 55.780 0.808 83.930 55.780 0.820 84.481 55.780 0.808
Q 83.930 55.780 0.808 83.930 54.885 0.808 83.930 54.885 0.840 83.930 55.780 0.820
Q 83.930 54.885 0.808 83.930 53.990 0.808 83.930 53.990 0.860 83.930 54.885 0.840
Q 83.930 53.990 0.808 83.930 53.094 0.808 83.930 53.094 0.879 83.930 53.990 0.860
Q 83.930 53.094 0.808 83.930 52.199 0.808 83.930 52.199 0.899 83.930 53.094 0.879
Q 75.989 54.297 0.808 75.929 55.220 0.808 75.929 55.220 1.517 75.989 54.297 1.532
Q 75.929 55.220 0.808 75.869 56.142 0.808 75.869 56.142 1.502 75.929 55.220 1.517
Q 75.869 56.142 0.808 75.809 57.065 0.808 75.809 57.065 1.486 75.869 56.142 1.502
Q 75.809 57.065 0.808 75.749 57.988 0.808 75.749 57.988 1.471 75.809 57.065 1.486
Q 75.749 57.988 0.808 75.689 58.910 0.808 75.689 58.910 1.456 75.749 57.988 1.471
Q 75.689 58.910 0.808 75.629 59.833 0.808 75.629 59.833 1.440 75.689 58.910 1.456
Q 75.629 59.833 0.808 74.801 59.779 0.808 74.801 59.779 1.512 75.629 59.833 1.440
Q 74.801 59.779 0.808 73.974 59.726 0.808 73.974 59.726 1.584 74.801 59.779 1.512
Q 73.974 59.726 0.808 73.146 59.672 0.808 73.146 59.672 1.656 73.974 59.726 1.584
Q 73.146 59.672 0.808 72.318 59.618 0.808 72.318 59.618 1.728 73.146 59.672 1.656
Q 72.318 59.618 1.728 72.351 60.184 1.713 72.351 60.184 2.928 72.318 59.618 2.928
Q 72.351 60.184 1.713 72.383 60.750 1.698 72.383 60.750 2.928 72.351 60.184 2.928
Q 72.383 60.750 1.698 71.409 60.750 1.781 71.409 60.750 2.928 72.383 60.750 2.928
Q 71.409 60.750 1.781 70.434 60.750 1.864 70.434 60.750 2.928 71.409 60.750 2.928
Q 70.434 60.750 1.864 69.460 60.750 1.948 69.460 60.750 2.928 70.434 60.750 2.928
Q 69.460 60.750 1.948 68.486 60.750 2.031 68.486 60.750 2.928 69.460 60.750 2.928
Q 68.486 60.750 2.031 67.512 60.750 2.114 67.512 60.750 2.928 68.486 60.750 2.928
Q 67.512 60.750 2.114 66.537 60.750 2.198 66.537 60.750 2.928 67.512 60.750 2.928
Q 66.537 60.750 2.198 65.563 60.750 2.281 65.563 60.750 2.928 66.537 60.750 2.928
Q 65.563 60.750 2.281 64.589 60.750 2.364 64.589 60.750 2.928 65.563 60.750 2.928
Q 64.589 60.750 2.364 63.614 60.750 2.448 63.614 60.750 2.928 64.589 60.750 2.928
Q 63.614 60.750 2.448 62.640 60.750 2.531 62.640 60.750 2.928 63.614 60.750 2.928
Q 62.640 60.750 2.531 61.666 60.750 2.615 61.666 60.750 2.928 62.640 60.750 2.928
Q 61.666 60.750 2.615 60.691 60.750 2.698 60.691 60.750 2.928 61.666 60.750 2.928
Q 60.691 60.750 2.698 59.717 60.750 2.781 59.717 60.750 2.928 60.691 60.750 2.928
Q 59.717 60.750 2.781 58.743 60.750 2.865 58.743 60.750 2.928 59.717 60.750 2.928
Q 58.743 60.750 2.865 57.768 60.750 2.928 57.768 60.750 2.948 58.743 60.750 2.928
Q 57.768 60.750 2.928 56.794 60.750 2.928 56.794 60.750 3.031 57.768 60.750 2.948
Q 56.794 60.750 2.928 55.820 60.750 2.928 55.820 60.750 3.115 56.794 60.750 3.031
Q 55.820 60.750 2.928 54.845 60.750 2.928 54.845 60.750 3.198 55.820 60.750 3.115
Q 54.845 60.750 2.928 53.871 60.750 2.928 53.871 60.750 3.281 54.845 60.750 3.198
Q 53.871 60.750 2.928 52.897 60.750 2.928 52.897 60.750 3.365 53.871 60.750 3.281
Q 52.897 60.750 2.928 51.923 60.750 2.928 51.923 60.750 3.448 52.897 60.750 3.365
Q 51.923 60.750 2.928 50.948 60.750 2.928 50.948 60.750 3.531 51.923 60.750 3.448
Q 50.948 60.750 2.928 49.974 60.750 2.928 49.974 60.750 3.615 50.948 60.750 3.531
Q 49.974 60.750 2.928 49.000 60.750 2.928 49.000 60.750 3.698 49.974 60.750 3.615
Q 49.000 60.750 2.928 49.393 59.934 2.928 49.393 59.934 3.683 49.000 60.750 3.698
Q 49.393 59.934 2.928 49.786 59.117 2.928 49.786 59.117 3.667 49.393 59.934 3.683
Q 49.786 59.117 2.928 50.179 58.301 2.928 50.179 58.301 3.651 49.786 59.117 3.667
Q 50.179 58.301 3.651 49.265 58.247 3.731 49.265 58.247 4.141 50.179 58.301 4.141
Q 49.265 58.247 3.731 48.351 58.192 3.810 48.351 58.192 4.141 49.265 58.247 4.141
Q 48.351 58.192 3.810 47.437 58.138 3.890 47.437 58.138 4.141 48.351 58.192 4.141
Q 47.437 58.138 3.890 46.523 58.084 3.969 46.523 58.084 4.141 47.437 58.138 4.141
Q 46.523 58.084 3.969 45.609 58.029 4.048 45.609 58.029 4.141 46.523 58.084 4.141
Q 45.609 58.029 4.048 44.695 57.975 4.128 44.695 57.975 4.141 45.609 58.029 4.141
Q 44.800 56.234 4.141 44.853 55.363 4.141 44.853 55.363 4.172 44.800 56.234 4.157
Q 44.853 55.363 4.141 44.906 54.492 4.141 44.906 54.492 4.187 44.853 55.363 4.172
Q 44.906 54.492 4.141 44.958 53.621 4.141 44.958 53.621 4.202 44.906 54.492 4.187
Q 44.958 53.621 4.141 45.011 52.751 4.141 45.011 52.751 4.217 44.958 53.621 4.202
Q 45.011 52.751 4.141 45.064 51.880 4.141 45.064 51.880 4.231 45.011 52.751 4.217
Q 45.064 51.880 4.141 44.640 51.880 4.141 44.640 51.880 4.268 45.064 51.880 4.231
Q 44.640 51.880 4.141 44.640 50.960 4.141 44.640 50.960 4.288 44.640 51.880 4.268
Q 44.640 50.960 4.141 44.640 50.040 4.141 44.640 50.040 4.308 44.640 50.960 4.288
Q 44.640 50.040 4.141 44.640 49.120 4.141 44.640 49.120 4.329 44.640 50.040 4.308
Q 44.640 49.120 4.141 44.640 48.200 4.141 44.640 48.200 4.349 44.640 49.120 4.329
Q 44.640 48.200 4.141 44.640 47.280 4.141 44.640 47.280 4.369 44.640 48.200 4.349
Q 44.640 47.280 4.141 44.640 46.360 4.141 44.640 46.360 4.390 44.640 47.280 4.369
Q 44.640 46.360 4.141 45.418 46.360 4.141 45.418 46.360 4.323 44.640 46.360 4.390
Q 45.418 46.360 4.141 46.196 46.360 4.141 46.196 46.360 4.257 45.418 46.360 4.323
Q 46.196 46.360 4.141 46.974 46.360 4.141 46.974 46.360 4.190 46.196 46.360 4.257
Q 46.974 46.360 4.141 47.752 46.360 4.124 47.752 46.360 4.141 46.974 46.360 4.190
Q 47.752 46.360 4.124 48.449 46.863 4.053 48.449 46.863 4.141 47.752 46.360 4.141
Q 48.449 46.863 3.963 47.890 46.460 3.963 47.890 46.460 4.110 48.449 46.863 4.053
Q 47.890 46.460 3.963 47.890 45.540 3.963 47.890 45.540 4.130 47.890 46.460 4.110
Q 47.890 45.540 3.963 47.890 44.620 3.963 47.890 44.620 4.150 47.890 45.540 4.130
Q 47.890 44.620 3.963 47.890 43.700 3.963 47.890 43.700 4.171 47.890 44.620 4.150
Q 47.890 43.700 3.963 47.890 42.780 3.963 47.890 42.780 4.191 47.890 43.700 4.171
Q 47.890 42.780 3.963 47.890 41.860 3.963 47.890 41.860 4.212 47.890 42.780 4.191
Q 47.890 41.860 3.963 48.766 41.860 3.963 48.766 41.860 4.137 47.890 41.860 4.212
Q 48.766 41.860 3.963 49.642 41.860 3.963 49.642 41.860 4.062 48.766 41.860 4.137
Q 49.642 41.860 3.963 50.518 41.860 3.963 50.518 41.860 3.987 49.642 41.860 4.062
Q 50.518 41.860 3.963 51.394 41.860 3.912 51.394 41.860 3.963 50.518 41.860 3.987
Q 51.394 41.860 3.912 52.270 41.860 3.837 52.270 41.860 3.963 51.394 41.860 3.963
Q 52.270 41.860 3.837 52.270 42.841 3.815 52.270 42.841 3.963 52.270 41.860 3.963
Q 52.270 42.841 3.815 52.985 42.886 3.753 52.985 42.886 3.963 52.270 42.841 3.963
Q 52.985 42.886 3.753 53.699 42.930 3.691 53.699 42.930 3.963 52.985 42.886 3.963
Q 53.699 42.930 3.691 54.414 42.974 3.629 54.414 42.974 3.963 53.699 42.930 3.963
Q 54.414 42.974 3.629 54.897 43.004 3.587 54.897 43.004 3.963 54.414 42.974 3.963
Q 54.897 43.004 3.200 55.687 43.053 3.200 55.687 43.053 3.518 54.897 43.004 3.587
Q 55.687 43.053 3.200 56.477 43.102 3.200 56.477 43.102 3.449 55.687 43.053 3.518
Q 56.477 43.102 3.200 57.302 43.154 3.200 57.302 43.154 3.378 56.477 43.102 3.449
Q 57.302 43.154 3.200 58.126 43.205 3.200 58.126 43.205 3.306 57.302 43.154 3.378
Q 58.126 43.205 3.200 58.950 43.256 3.200 58.950 43.256 3.234 58.126 43.205 3.306
Q 58.950 43.256 3.200 58.950 42.280 3.200 58.950 42.280 3.256 58.950 43.256 3.234
Q 58.950 42.280 3.200 58.950 41.303 3.200 58.950 41.303 3.278 58.950 42.280 3.256
Q 58.950 41.303 3.200 58.950 40.327 3.200 58.950 40.327 3.299 58.950 41.303 3.278
Q 58.950 40.327 3.200 58.950 39.350 3.200 58.950 39.350 3.321 58.950 40.327 3.299
Q 58.950 39.350 3.200 59.824 39.350 3.200 59.824 39.350 3.246 58.950 39.350 3.321
Q 105.024 55.593 -0.980 105.033 55.443 -0.978 105.033 55.443 -0.940 105.024 55.593 -0.940
Q 105.033 55.443 -0.978 105.072 54.794 -0.967 105.072 54.794 -0.940 105.033 55.443 -0.940
Q 105.107 54.195 -0.957 104.342 54.149 -0.940 104.342 54.149 -0.890 105.107 54.195 -0.940
Q 104.342 54.149 -0.940 103.577 54.104 -0.940 103.577 54.104 -0.824 104.342 54.149 -0.890
Q 103.577 54.104 -0.940 102.812 54.058 -0.940 102.812 54.058 -0.757 103.577 54.104 -0.824
Q 102.812 54.058 -0.757 101.913 54.005 -0.679 101.913 54.005 -0.476 102.812 54.058 -0.476
Q 101.913 54.005 -0.679 101.015 53.951 -0.601 101.015 53.951 -0.476 101.913 54.005 -0.476
Q 101.015 53.951 -0.601 100.116 53.898 -0.523 100.116 53.898 -0.476 101.015 53.951 -0.476
Q 100.116 53.898 -0.523 99.284 53.849 -0.476 99.284 53.849 -0.451 100.116 53.898 -0.476
Q 99.284 53.849 -0.476 98.451 53.799 -0.476 98.451 53.799 -0.378 99.284 53.849 -0.451
Q 98.451 53.799 -0.476 97.619 53.750 -0.476 97.619 53.750 -0.306 98.451 53.799 -0.378
Q 97.619 53.750 -0.306 96.788 53.701 -0.234 96.788 53.701 -0.042 97.619 53.750 -0.042
Q 96.788 53.701 -0.234 95.956 53.651 -0.162 95.956 53.651 -0.042 96.788 53.701 -0.042
Q 95.956 53.651 -0.162 95.125 53.602 -0.089 95.125 53.602 -0.042 95.956 53.651 -0.042
Q 95.125 53.602 -0.089 95.095 54.101 -0.098 95.095 54.101 -0.042 95.125 53.602 -0.042
Q 95.095 54.101 -0.098 95.089 54.200 -0.100 95.089 54.200 -0.042 95.095 54.101 -0.042
Q 95.089 54.200 -0.100 95.051 54.849 -0.111 95.051 54.849 -0.042 95.089 54.200 -0.042
Q 95.051 54.849 -0.111 95.042 54.999 -0.113 95.042 54.999 -0.042 95.051 54.849 -0.042
Q 95.042 54.999 -0.113 95.012 55.498 -0.122 95.012 55.498 -0.042 95.042 54.999 -0.042
Q 95.012 55.498 -0.122 94.966 56.271 -0.135 94.966 56.271 -0.042 95.012 55.498 -0.042
Q 94.966 56.271 -0.615 95.619 55.819 -0.615 95.619 55.819 -0.181 94.966 56.271 -0.135
Q 95.619 55.819 -0.615 96.271 55.367 -0.615 96.271 55.367 -0.227 95.619 55.819 -0.181
Q 96.271 55.367 -0.615 96.924 54.914 -0.615 96.924 54.914 -0.272 96.271 55.367 -0.227
Q 96.924 54.914 -0.615 97.576 54.462 -0.615 97.576 54.462 -0.318 96.924 54.914 -0.272
Q 97.576 54.462 -0.615 98.445 54.477 -0.615 98.445 54.477 -0.393 97.576 54.462 -0.318
Q 98.445 54.477 -0.615 99.313 54.492 -0.615 99.313 54.492 -0.467 98.445 54.477 -0.393
Q 99.313 54.492 -0.615 100.181 54.507 -0.615 100.181 54.507 -0.542 99.313 54.492 -0.467
Q 100.181 54.507 -0.615 101.050 54.522 -0.617 101.050 54.522 -0.615 100.181 54.507 -0.542
Q 101.050 54.522 -0.617 101.918 54.536 -0.691 101.918 54.536 -0.615 101.050 54.522 -0.615
Q 101.918 54.536 -0.691 102.787 54.551 -0.766 102.787 54.551 -0.615 101.918 54.536 -0.615
Q 102.787 54.551 -0.766 103.516 55.169 -0.842 103.516 55.169 -0.615 102.787 54.551 -0.615
Q 103.516 55.169 -0.842 104.246 55.786 -0.918 104.246 55.786 -0.615 103.516 55.169 -0.615
Q 104.246 55.786 -0.918 104.976 56.403 -0.994 104.976 56.403 -0.615 104.246 55.786 -0.615
Q 104.976 56.403 -0.994 104.994 56.092 -0.989 104.994 56.092 -0.940 104.976 56.403 -0.940
Q 104.994 56.092 -0.989 105.024 55.593 -0.980 105.024 55.593 -0.940 104.994 56.092 -0.940
Q 72.330 59.824 0.808 72.277 58.898 0.808 72.277 58.898 2.928 72.330 59.824 2.928
Q 72.277 58.898 0.808 72.224 57.972 0.808 72.224 57.972 2.928 72.277 58.898 2.928
Q 72.224 57.972 0.808 72.170 57.047 0.808 72.170 57.047 2.928 72.224 57.972 2.928
Q 72.170 57.047 0.808 72.117 56.121 0.808 72.117 56.121 2.928 72.170 57.047 2.928
Q 72.117 56.121 0.808 72.064 55.195 0.808 72.064 55.195 2.928 72.117 56.121 2.928
Q 72.064 55.195 0.808 72.011 54.269 0.808 72.011 54.269 2.928 72.064 55.195 2.928
Q 72.011 54.269 0.808 71.958 53.343 0.808 71.958 53.343 2.928 72.011 54.269 2.928
Q 71.958 53.343 0.808 71.904 52.418 0.808 71.904 52.418 2.928 71.958 53.343 2.928
Q 71.904 52.418 0.808 71.851 51.492 0.808 71.851 51.492 2.928 71.904 52.418 2.928
Q 55.062 49.640 2.928 54.441 50.189 2.928 54.441 50.189 3.963 55.062 49.640 3.963
Q 54.441 50.189 2.928 53.821 50.739 2.928 53.821 50.739 3.963 54.441 50.189 3.963
Q 53.821 50.739 2.928 53.419 51.573 2.928 53.419 51.573 4.141 53.821 50.739 4.141
Q 53.419 51.573 2.928 53.017 52.407 2.928 53.017 52.407 4.141 53.419 51.573 4.141
Q 53.017 52.407 2.928 52.616 53.241 2.928 52.616 53.241 4.141 53.017 52.407 4.141
Q 52.616 53.241 2.928 52.214 54.076 2.928 52.214 54.076 4.141 52.616 53.241 4.141
Q 52.214 54.076 2.928 51.812 54.910 2.928 51.812 54.910 4.141 52.214 54.076 4.141
Q 51.812 54.910 2.928 51.410 55.744 2.928 51.410 55.744 4.141 51.812 54.910 4.141
Q 51.410 55.744 2.928 51.008 56.579 2.928 51.008 56.579 4.141 51.410 55.744 4.141
Q 51.008 56.579 2.928 50.607 57.413 2.928 50.607 57.413 4.141 51.008 56.579 4.141
Q 50.607 57.413 2.928 50.205 58.247 2.928 50.205 58.247 4.141 50.607 57.413 4.141
Q 106.272 57.499 -0.940 105.575 56.910 -0.940 105.575 56.910 -0.615 106.272 57.499 -0.615
Q 105.575 56.910 -0.940 104.878 56.320 -0.940 104.878 56.320 -0.615 105.575 56.910 -0.615
Q 95.355 56.002 -0.615 94.614 56.515 -0.615 94.614 56.515 -0.042 95.355 56.002 -0.042
Q 94.614 56.515 -0.615 93.874 57.028 -0.615 93.874 57.028 -0.042 94.614 56.515 -0.042
Q 49.020 47.275 3.963 48.386 46.818 3.963 48.386 46.818 4.141 49.020 47.275 4.141
Q 48.386 46.818 3.963 47.752 46.360 3.963 47.752 46.360 4.141 48.386 46.818 4.141
Q 49.152 47.370 3.963 49.931 47.370 3.963 49.931 47.370 4.141 49.152 47.370 4.141
Q 95.960 49.208 -0.042 95.290 49.170 -0.042 95.290 49.170 0.015 95.960 49.208 0.015
Q 95.290 49.170 -0.042 94.620 49.131 -0.042 94.620 49.131 0.015 95.290 49.170 0.015
Q 101.140 46.207 -0.418 100.470 46.166 -0.418 100.470 46.166 -0.363 101.140 46.207 -0.363
Q 100.470 46.166 -0.418 99.800 46.125 -0.418 99.800 46.125 -0.363 100.470 46.166 -0.363
Q 99.800 49.440 -0.476 100.470 49.478 -0.476 100.470 49.478 -0.418 99.800 49.440 -0.418
Q 100.470 49.478 -0.476 101.140 49.516 -0.476 101.140 49.516 -0.418 100.470 49.478 -0.418
Q 100.280 49.467 -0.476 99.610 49.429 -0.476 99.610 49.429 -0.418 100.280 49.467 -0.418
Q 100.000 46.138 -0.418 100.670 46.179 -0.418 100.670 46.179 -0.363 100.000 46.138 -0.363
Q 106.300 49.771 -0.940 105.630 49.732 -0.940 105.630 49.732 -0.882 106.300 49.771 -0.882
Q 105.630 49.732 -0.940 104.960 49.692 -0.940 104.960 49.692 -0.882 105.630 49.732 -0.882
Q 115.930 59.435 -1.969 115.150 59.435 -1.969 115.150 59.435 -1.894 115.930 59.435 -1.894
Q 115.150 59.435 -1.969 114.370 59.435 -1.969 114.370 59.435 -1.894 115.150 59.435 -1.894
Q 115.930 56.038 -1.894 115.150 56.038 -1.894 115.150 56.038 -1.819 115.930 56.038 -1.819
Q 115.150 56.038 -1.894 114.370 56.038 -1.894 114.370 56.038 -1.819 115.150 56.038 -1.819
Q 114.370 59.435 -1.969 115.150 59.435 -1.969 115.150 59.435 -1.894 114.370 59.435 -1.894
Q 114.370 56.038 -1.894 115.150 56.038 -1.894 115.150 56.038 -1.819 114.370 56.038 -1.819
Q 105.980 57.252 -0.940 105.478 56.828 -0.940 105.478 56.828 -0.615 105.980 57.252 -0.615
Q 105.478 56.828 -0.940 104.976 56.403 -0.940 104.976 56.403 -0.615 105.478 56.828 -0.615
Q 101.266 49.523 -0.476 102.153 49.574 -0.476 102.153 49.574 -0.418 101.266 49.523 -0.418
Q 102.153 49.574 -0.476 103.040 49.624 -0.476 103.040 49.624 -0.418 102.153 49.574 -0.418
Q 103.040 49.624 -0.940 103.072 49.579 -0.940 103.072 49.579 -0.418 103.040 49.624 -0.418
Q 103.072 49.579 -0.882 103.110 48.768 -0.882 103.110 48.768 -0.418 103.072 49.579 -0.418
Q 103.110 48.768 -0.882 103.149 47.957 -0.882 103.149 47.957 -0.418 103.110 48.768 -0.418
Q 103.149 47.957 -0.882 103.187 47.146 -0.882 103.187 47.146 -0.418 103.149 47.957 -0.418
Q 103.187 47.146 -0.882 103.226 46.335 -0.882 103.226 46.335 -0.418 103.187 47.146 -0.418
Q 103.226 46.335 -0.418 102.343 46.281 -0.418 102.343 46.281 -0.363 103.226 46.335 -0.363
Q 102.343 46.281 -0.418 101.459 46.227 -0.418 101.459 46.227 -0.363 102.343 46.281 -0.363
Q 102.812 54.058 -0.940 102.858 53.172 -0.940 102.858 53.172 -0.476 102.812 54.058 -0.476
Q 102.858 53.172 -0.940 102.903 52.285 -0.940 102.903 52.285 -0.476 102.858 53.172 -0.476
Q 102.903 52.285 -0.940 102.949 51.398 -0.940 102.949 51.398 -0.476 102.903 52.285 -0.476
Q 102.949 51.398 -0.940 102.994 50.511 -0.940 102.994 50.511 -0.476 102.949 51.398 -0.476
Q 102.994 50.511 -0.940 103.040 49.624 -0.940 103.040 49.624 -0.476 102.994 50.511 -0.476
Q 103.226 46.335 -0.882 103.685 45.662 -0.882 103.685 45.662 -0.363 103.226 46.335 -0.363
Q 103.685 45.662 -0.882 104.145 44.989 -0.882 104.145 44.989 -0.363 103.685 45.662 -0.363
Q 108.513 57.403 -1.894 108.966 56.720 -1.894 108.966 56.720 -0.940 108.513 57.403 -0.940
Q 108.966 56.720 -1.894 109.419 56.038 -1.894 109.419 56.038 -0.940 108.966 56.720 -0.940
Q 109.419 56.038 -1.819 109.675 55.204 -1.819 109.675 55.204 -0.940 109.419 56.038 -0.940
Q 109.675 55.204 -1.819 109.931 54.371 -1.819 109.931 54.371 -0.940 109.675 55.204 -0.940
Q 109.931 54.371 -1.819 110.187 53.537 -1.819 110.187 53.537 -0.940 109.931 54.371 -0.940
Q 110.187 53.537 -1.819 110.443 52.704 -1.819 110.443 52.704 -0.940 110.187 53.537 -0.940
Q 110.443 52.704 -1.819 110.700 51.870 -1.819 110.700 51.870 -0.940 110.443 52.704 -0.940
Q 110.700 51.870 -1.819 110.956 51.037 -1.819 110.956 51.037 -0.940 110.700 51.870 -0.940
Q 110.956 51.037 -1.819 111.212 50.203 -1.819 111.212 50.203 -0.940 110.956 51.037 -0.940
Q 111.001 50.052 -0.940 110.010 49.993 -0.940 110.010 49.993 -0.882 111.001 50.052 -0.882
Q 110.010 49.993 -0.940 109.019 49.934 -0.940 109.019 49.934 -0.882 110.010 49.993 -0.882
Q 109.019 49.934 -0.940 108.027 49.874 -0.940 108.027 49.874 -0.882 109.019 49.934 -0.882
Q 108.027 49.874 -0.940 107.036 49.815 -0.940 107.036 49.815 -0.882 108.027 49.874 -0.882
Q 107.036 49.815 -0.940 106.045 49.756 -0.940 106.045 49.756 -0.882 107.036 49.815 -0.882
Q 105.054 49.697 -0.940 104.063 49.638 -0.940 104.063 49.638 -0.882 105.054 49.697 -0.882
Q 104.063 49.638 -0.940 103.072 49.579 -0.940 103.072 49.579 -0.882 104.063 49.638 -0.882
Q 115.118 59.435 -1.969 114.349 59.435 -1.969 114.349 59.435 -1.894 115.118 59.435 -1.894
Q 114.349 59.435 -1.969 113.579 59.435 -1.969 113.579 59.435 -1.894 114.349 59.435 -1.894
Q 113.579 59.435 -1.969 112.810 59.435 -1.969 112.810 59.435 -1.894 113.579 59.435 -1.894
Q 115.118 56.038 -1.894 114.168 56.038 -1.894 114.168 56.038 -1.819 115.118 56.038 -1.819
Q 114.168 56.038 -1.894 113.218 56.038 -1.894 113.218 56.038 -1.819 114.168 56.038 -1.819
Q 113.218 56.038 -1.894 112.269 56.038 -1.894 112.269 56.038 -1.819 113.218 56.038 -1.819
Q 112.269 56.038 -1.894 111.319 56.038 -1.894 111.319 56.038 -1.819 112.269 56.038 -1.819
Q 111.319 56.038 -1.894 110.369 56.038 -1.894 110.369 56.038 -1.819 111.319 56.038 -1.819
Q 110.369 56.038 -1.894 109.419 56.038 -1.894 109.419 56.038 -1.819 110.369 56.038 -1.819
Q 54.258 50.352 2.928 53.821 50.739 2.928 53.821 50.739 3.963 54.258 50.352 3.963
Q 53.821 50.739 2.928 53.416 51.579 2.928 53.416 51.579 4.141 53.821 50.739 4.141
Q 53.416 51.579 2.928 53.012 52.419 2.928 53.012 52.419 4.141 53.416 51.579 4.141
Q 53.012 52.419 2.928 52.607 53.259 2.928 52.607 53.259 4.141 53.012 52.419 4.141
Q 52.607 53.259 2.928 52.202 54.100 2.928 52.202 54.100 4.141 52.607 53.259 4.141
Q 52.202 54.100 2.928 51.798 54.940 2.928 51.798 54.940 4.141 52.202 54.100 4.141
Q 51.798 54.940 2.928 51.393 55.780 2.928 51.393 55.780 4.141 51.798 54.940 4.141
Q 51.393 55.780 2.928 50.988 56.620 2.928 50.988 56.620 4.141 51.393 55.780 4.141
Q 50.988 56.620 2.928 50.584 57.461 2.928 50.584 57.461 4.141 50.988 56.620 4.141
Q 50.584 57.461 2.928 50.179 58.301 2.928 50.179 58.301 4.141 50.584 57.461 4.141
Q 53.821 50.739 3.963 53.053 50.185 3.963 53.053 50.185 4.141 53.821 50.739 4.141
Q 53.053 50.185 3.963 52.286 49.631 3.963 52.286 49.631 4.141 53.053 50.185 4.141
Q 52.286 49.631 3.963 51.519 49.078 3.963 51.519 49.078 4.141 52.286 49.631 4.141
Q 51.519 49.078 3.963 50.751 48.524 3.963 50.751 48.524 4.141 51.519 49.078 4.141
Q 50.751 48.524 3.963 49.984 47.971 3.963 49.984 47.971 4.141 50.751 48.524 4.141
Q 49.984 47.971 3.963 49.217 47.417 3.963 49.217 47.417 4.141 49.984 47.971 4.141
Q 68.926 48.630 2.928 68.092 48.609 2.928 68.092 48.609 3.200 68.926 48.630 3.200
Q 68.092 48.609 2.928 67.257 48.588 2.928 67.257 48.588 3.200 68.092 48.609 3.200
Q 67.257 48.588 2.928 66.423 48.568 2.928 66.423 48.568 3.200 67.257 48.588 3.200
Q 66.423 48.568 2.928 65.589 48.547 2.928 65.589 48.547 3.200 66.423 48.568 3.200
Q 65.589 48.547 2.928 64.754 48.527 2.928 64.754 48.527 3.200 65.589 48.547 3.200
Q 72.318 59.618 0.808 72.263 58.661 0.808 72.263 58.661 2.928 72.318 59.618 2.928
Q 72.263 58.661 0.808 72.208 57.704 0.808 72.208 57.704 2.928 72.263 58.661 2.928
Q 72.208 57.704 0.808 72.153 56.746 0.808 72.153 56.746 2.928 72.208 57.704 2.928
Q 72.153 56.746 0.808 72.098 55.789 0.808 72.098 55.789 2.928 72.153 56.746 2.928
Q 72.098 55.789 0.808 72.043 54.832 0.808 72.043 54.832 2.928 72.098 55.789 2.928
Q 72.043 54.832 0.808 71.988 53.874 0.808 71.988 53.874 2.928 72.043 54.832 2.928
Q 71.988 53.874 0.808 71.933 52.917 0.808 71.933 52.917 2.928 71.988 53.874 2.928
Q 71.933 52.917 0.808 71.878 51.960 0.808 71.878 51.960 2.928 71.933 52.917 2.928
Q 71.878 51.960 0.808 71.823 51.002 0.808 71.823 51.002 2.928 71.878 51.960 2.928
Q 94.966 56.271 -0.615 94.531 56.572 -0.615 94.531 56.572 -0.042 94.966 56.271 -0.042
Q 91.053 56.365 -0.042 90.813 55.484 -0.042 90.813 55.484 0.808 91.053 56.365 0.808
Q 90.813 55.484 -0.042 90.573 54.602 -0.042 90.573 54.602 0.808 90.813 55.484 0.808
Q 90.573 54.602 -0.042 90.333 53.721 -0.042 90.333 53.721 0.808 90.573 54.602 0.808
Q 90.333 53.721 -0.042 90.093 52.840 -0.042 90.093 52.840 0.808 90.333 53.721 0.808
Q 90.093 52.840 -0.042 89.853 51.959 -0.042 89.853 51.959 0.808 90.093 52.840 0.808
Q 89.853 51.959 -0.042 89.614 51.077 -0.042 89.614 51.077 0.808 89.853 51.959 0.808
Q 89.614 51.077 -0.042 89.374 50.196 -0.042 89.374 50.196 0.808 89.614 51.077 0.808
Q 89.374 50.196 -0.042 89.134 49.315 -0.042 89.134 49.315 0.808 89.374 50.196 0.808
Q 95.380 49.175 -0.042 94.474 49.123 -0.042 94.474 49.123 0.015 95.380 49.175 0.015
Q 94.474 49.123 -0.042 93.568 49.071 -0.042 93.568 49.071 0.015 94.474 49.123 0.015
Q 93.568 49.071 -0.042 92.663 49.020 -0.042 92.663 49.020 0.015 93.568 49.071 0.015
Q 92.663 49.020 -0.042 91.757 48.968 -0.042 91.757 48.968 0.015 92.663 49.020 0.015
Q 91.757 48.968 -0.042 90.851 48.916 -0.042 90.851 48.916 0.015 91.757 48.968 0.015
Q 90.851 48.916 -0.042 89.946 48.865 -0.042 89.946 48.865 0.015 90.851 48.916 0.015
Q 64.754 48.527 2.928 63.758 48.502 2.928 63.758 48.502 3.200 64.754 48.527 3.200
Q 63.758 48.502 2.928 62.762 48.478 2.928 62.762 48.478 3.200 63.758 48.502 3.200
Q 62.762 48.478 2.928 61.765 48.453 2.928 61.765 48.453 3.200 62.762 48.478 3.200
Q 61.765 48.453 2.928 60.769 48.429 2.928 60.769 48.429 3.200 61.765 48.453 3.200
Q 60.769 48.429 2.928 59.772 48.404 2.928 59.772 48.404 3.200 60.769 48.429 3.200
Q 59.772 48.404 2.928 58.966 48.384 2.928 58.966 48.384 3.200 59.772 48.404 3.200
Q 58.966 48.384 2.928 58.160 48.364 2.928 58.160 48.364 3.200 58.966 48.384 3.200
Q 58.160 48.364 2.928 57.354 48.344 2.928 57.354 48.344 3.200 58.160 48.364 3.200
Q 57.354 48.344 2.928 56.548 48.324 2.928 56.548 48.324 3.200 57.354 48.344 3.200
Q 56.548 48.324 2.928 55.975 48.831 2.928 55.975 48.831 3.963 56.548 48.324 3.963
Q 55.975 48.831 2.928 55.403 49.338 2.928 55.403 49.338 3.963 55.975 48.831 3.963
Q 55.403 49.338 2.928 54.830 49.845 2.928 54.830 49.845 3.963 55.403 49.338 3.963
Q 54.830 49.845 2.928 54.258 50.352 2.928 54.258 50.352 3.963 54.830 49.845 3.963
Q 56.548 48.324 3.200 56.273 47.438 3.200 56.273 47.438 3.963 56.548 48.324 3.963
Q 56.273 47.438 3.200 55.998 46.551 3.200 55.998 46.551 3.963 56.273 47.438 3.963
Q 55.998 46.551 3.200 55.723 45.664 3.200 55.723 45.664 3.963 55.998 46.551 3.963
Q 55.723 45.664 3.200 55.447 44.778 3.200 55.447 44.778 3.963 55.723 45.664 3.963
Q 55.447 44.778 3.200 55.172 43.891 3.200 55.172 43.891 3.963 55.447 44.778 3.963
Q 55.172 43.891 3.200 54.897 43.004 3.200 54.897 43.004 3.963 55.172 43.891 3.963
Q 97.619 53.750 -0.476 97.672 52.866 -0.476 97.672 52.866 -0.042 97.619 53.750 -0.042
Q 97.672 52.866 -0.476 97.725 51.982 -0.476 97.725 51.982 -0.042 97.672 52.866 -0.042
Q 97.725 51.982 -0.476 97.778 51.098 -0.476 97.778 51.098 -0.042 97.725 51.982 -0.042
Q 97.778 51.098 -0.476 97.832 50.214 -0.476 97.832 50.214 -0.042 97.778 51.098 -0.042
Q 97.832 50.214 -0.476 97.885 49.331 -0.476 97.885 49.331 -0.042 97.832 50.214 -0.042
Q 97.877 49.317 -0.042 97.044 49.270 -0.042 97.044 49.270 0.015 97.877 49.317 0.015
Q 97.044 49.270 -0.042 96.212 49.222 -0.042 96.212 49.222 0.015 97.044 49.270 0.015
Q 96.212 49.222 -0.042 95.380 49.175 -0.042 95.380 49.175 0.015 96.212 49.222 0.015
Q 97.877 49.317 -0.418 97.926 48.493 -0.418 97.926 48.493 0.015 97.877 49.317 0.015
Q 97.926 48.493 -0.418 97.974 47.668 -0.418 97.974 47.668 0.015 97.926 48.493 0.015
Q 97.974 47.668 -0.418 98.023 46.844 -0.418 98.023 46.844 0.015 97.974 47.668 0.015
Q 98.023 46.844 -0.418 98.072 46.019 -0.418 98.072 46.019 0.015 98.023 46.844 0.015
Q 98.072 46.019 -0.363 97.710 45.387 -0.363 97.710 45.387 0.015 98.072 46.019 0.015
Q 97.710 45.387 -0.363 97.348 44.754 -0.363 97.348 44.754 0.015 97.710 45.387 0.015
Q 97.348 44.754 -0.363 96.985 44.121 -0.363 96.985 44.121 0.015 97.348 44.754 0.015
Q 100.576 46.173 -0.418 99.741 46.122 -0.418 99.741 46.122 -0.363 100.576 46.173 -0.363
Q 99.741 46.122 -0.418 98.907 46.071 -0.418 98.907 46.071 -0.363 99.741 46.122 -0.363
Q 98.907 46.071 -0.418 98.072 46.019 -0.418 98.072 46.019 -0.363 98.907 46.071 -0.363
Q 97.885 49.331 -0.476 98.716 49.378 -0.476 98.716 49.378 -0.418 97.885 49.331 -0.418
Q 98.716 49.378 -0.476 99.548 49.425 -0.476 99.548 49.425 -0.418 98.716 49.378 -0.418
Q 99.548 49.425 -0.476 100.379 49.473 -0.476 100.379 49.473 -0.418 99.548 49.425 -0.418
Q 66.868 73.941 2.082 66.119 73.896 2.145 66.119 73.896 3.333 66.868 73.941 3.333
Q 66.119 73.896 2.145 65.370 73.852 2.207 65.370 73.852 3.333 66.119 73.896 3.333
Q 65.370 73.852 2.207 65.370 74.581 2.229 65.370 74.581 3.333 65.370 73.852 3.333
Q 65.370 74.581 2.229 65.370 75.310 2.251 65.370 75.310 3.333 65.370 74.581 3.333
Q 65.370 75.310 2.251 64.407 75.310 2.333 64.407 75.310 3.333 65.370 75.310 3.333
Q 64.407 75.310 2.333 63.443 75.310 2.414 63.443 75.310 3.333 64.407 75.310 3.333
Q 63.443 75.310 2.414 62.480 75.310 2.496 62.480 75.310 3.333 63.443 75.310 3.333
Q 62.480 75.310 2.496 61.516 75.310 2.578 61.516 75.310 3.333 62.480 75.310 3.333
Q 61.516 75.310 2.578 60.553 75.310 2.660 60.553 75.310 3.333 61.516 75.310 3.333
Q 60.553 75.310 2.660 59.589 75.310 2.742 59.589 75.310 3.333 60.553 75.310 3.333
Q 59.589 75.310 2.742 58.626 75.310 2.824 58.626 75.310 3.333 59.589 75.310 3.333
Q 58.626 75.310 2.824 57.662 75.310 2.906 57.662 75.310 3.333 58.626 75.310 3.333
Q 57.662 75.310 2.906 56.699 75.310 2.988 56.699 75.310 3.333 57.662 75.310 3.333
Q 56.699 75.310 2.988 55.735 75.310 3.069 55.735 75.310 3.333 56.699 75.310 3.333
Q 55.735 75.310 3.069 54.772 75.310 3.151 54.772 75.310 3.333 55.735 75.310 3.333
Q 54.772 75.310 3.151 53.808 75.310 3.233 53.808 75.310 3.333 54.772 75.310 3.333
Q 53.808 75.310 3.233 52.845 75.310 3.315 52.845 75.310 3.333 53.808 75.310 3.333
Q 52.845 75.310 3.315 51.881 75.310 3.333 51.881 75.310 3.397 52.845 75.310 3.333
Q 51.881 75.310 3.333 50.918 75.310 3.333 50.918 75.310 3.479 51.881 75.310 3.397
Q 50.918 75.310 3.333 49.954 75.310 3.333 49.954 75.310 3.561 50.918 75.310 3.479
Q 49.954 75.310 3.333 48.991 75.310 3.333 48.991 75.310 3.643 49.954 75.310 3.561
Q 48.991 75.310 3.333 48.027 75.310 3.333 48.027 75.310 3.724 48.991 75.310 3.643
Q 48.027 75.310 3.333 47.064 75.310 3.333 47.064 75.310 3.806 48.027 75.310 3.724
Q 47.064 75.310 3.333 46.100 75.310 3.333 46.100 75.310 3.888 47.064 75.310 3.806
Q 46.100 75.310 3.333 45.137 75.310 3.333 45.137 75.310 3.970 46.100 75.310 3.888
Q 45.137 75.310 3.333 44.174 75.310 3.333 44.174 75.310 4.052 45.137 75.310 3.970
Q 44.174 75.310 3.333 43.210 75.310 3.333 43.210 75.310 4.134 44.174 75.310 4.052
Q 43.210 75.310 3.333 42.247 75.310 3.333 42.247 75.310 4.216 43.210 75.310 4.134
Q 42.247 75.310 3.333 41.283 75.310 3.333 41.283 75.310 4.298 42.247 75.310 4.216
Q 41.283 75.310 3.333 40.320 75.310 3.333 40.320 75.310 4.379 41.283 75.310 4.298
Q 40.320 75.310 3.333 39.356 75.310 3.333 39.356 75.310 4.461 40.320 75.310 4.379
Q 39.356 75.310 4.461 40.345 75.369 4.379 40.345 75.369 6.416 39.356 75.310 6.416
Q 40.345 75.369 4.379 41.334 75.427 4.297 41.334 75.427 6.416 40.345 75.369 6.416
Q 41.334 75.427 4.297 42.323 75.486 4.214 42.323 75.486 6.416 41.334 75.427 6.416
Q 42.323 75.486 4.214 43.312 75.545 4.132 43.312 75.545 6.416 42.323 75.486 6.416
Q 43.312 75.545 4.132 44.301 75.604 4.050 44.301 75.604 6.416 43.312 75.545 6.416
Q 44.301 75.604 4.050 45.290 75.662 3.968 45.290 75.662 5.789 44.301 75.604 5.789
Q 45.290 75.662 3.968 46.279 75.721 3.885 46.279 75.721 5.789 45.290 75.662 5.789
Q 46.279 75.721 3.885 47.197 75.776 3.809 47.197 75.776 5.789 46.279 75.721 5.789
Q 47.197 75.776 3.809 48.114 75.830 3.733 48.114 75.830 5.789 47.197 75.776 5.789
Q 48.114 75.830 3.733 49.032 75.885 3.656 49.032 75.885 5.789 48.114 75.830 5.789
Q 49.032 75.885 3.656 49.949 75.939 3.580 49.949 75.939 5.789 49.032 75.885 5.789
Q 49.949 75.939 3.580 50.867 75.994 3.504 50.867 75.994 5.789 49.949 75.939 5.789
Q 50.867 75.994 3.504 51.785 76.049 3.427 51.785 76.049 5.789 50.867 75.994 5.789
Q 51.785 76.049 3.427 52.702 76.103 3.351 52.702 76.103 5.789 51.785 76.049 5.789
Q 52.702 76.103 3.351 53.620 76.158 3.275 53.620 76.158 5.789 52.702 76.103 5.789
Q 53.620 76.158 3.275 54.537 76.212 3.198 54.537 76.212 5.789 53.620 76.158 5.789
Q 54.537 76.212 3.198 55.455 76.267 3.122 55.455 76.267 5.789 54.537 76.212 5.789
Q 55.455 76.267 3.122 56.385 76.322 3.045 56.385 76.322 4.959 55.455 76.267 5.036
Q 56.385 76.322 3.045 57.315 76.378 2.967 57.315 76.378 4.882 56.385 76.322 4.959
Q 57.315 76.378 2.967 58.245 76.433 2.890 58.245 76.433 4.805 57.315 76.378 4.882
Q 58.245 76.433 2.890 59.175 76.488 2.812 59.175 76.488 4.727 58.245 76.433 4.805
Q 59.175 76.488 2.812 60.105 76.544 2.735 60.105 76.544 4.650 59.175 76.488 4.727
Q 60.105 76.544 2.735 61.035 76.599 2.658 61.035 76.599 4.573 60.105 76.544 4.650
Q 61.035 76.599 2.658 61.965 76.654 2.580 61.965 76.654 4.496 61.035 76.599 4.573
Q 61.965 76.654 2.580 62.895 76.710 2.503 62.895 76.710 4.419 61.965 76.654 4.496
Q 62.895 76.710 2.503 63.825 76.765 2.426 63.825 76.765 4.342 62.895 76.710 4.419
Q 63.825 76.765 2.426 64.755 76.820 2.348 64.755 76.820 4.264 63.825 76.765 4.342
Q 64.755 76.820 2.348 65.685 76.876 2.271 65.685 76.876 4.187 64.755 76.820 4.264
Q 65.685 76.876 2.271 66.615 76.931 2.194 66.615 76.931 4.110 65.685 76.876 4.187
Q 66.615 76.931 2.194 67.523 76.985 2.118 67.523 76.985 2.916 66.615 76.931 2.916
Q 67.523 76.985 2.118 68.432 77.039 2.042 68.432 77.039 2.916 67.523 76.985 2.916
Q 68.432 77.039 2.042 69.340 77.093 1.967 69.340 77.093 2.916 68.432 77.039 2.916
Q 69.340 77.093 1.967 69.340 76.342 1.944 69.340 76.342 2.170 69.340 77.093 2.170
Q 69.340 76.342 1.944 69.340 75.590 1.922 69.340 75.590 2.170 69.340 76.342 2.170
Q 69.340 75.590 1.922 69.340 74.839 1.899 69.340 74.839 2.170 69.340 75.590 2.170
Q 69.340 74.839 1.899 69.340 74.088 1.877 69.340 74.088 2.170 69.340 74.839 2.170
Q 69.340 74.088 1.877 68.785 74.055 1.923 68.785 74.055 2.170 69.340 74.088 2.170
Q 68.785 74.055 1.923 68.230 74.022 1.969 68.230 74.022 2.170 68.785 74.055 2.170
Q 68.230 74.022 1.969 67.549 73.981 2.026 67.549 73.981 2.170 68.230 74.022 2.170
Q 67.549 73.981 2.026 66.868 73.941 2.082 66.868 73.941 2.170 67.549 73.981 2.170
Q 30.538 71.780 3.333 31.038 70.960 3.333 31.038 70.960 5.038 30.538 71.780 5.105
Q 31.038 70.960 3.333 31.538 70.140 3.333 31.538 70.140 4.971 31.038 70.960 5.038
Q 31.538 70.140 3.333 32.037 69.320 3.333 32.037 69.320 4.903 31.538 70.140 4.971
Q 32.037 69.320 3.333 32.537 68.500 3.333 32.537 68.500 4.836 32.037 69.320 4.903
Q 32.537 68.500 3.333 33.037 67.680 3.333 33.037 67.680 4.769 32.537 68.500 4.836
Q 33.037 67.680 3.333 33.537 66.860 3.333 33.537 66.860 4.702 33.037 67.680 4.769
Q 33.537 66.860 3.333 34.036 66.039 3.333 34.036 66.039 4.635 33.537 66.860 4.702
Q 34.036 66.039 3.333 34.536 65.219 3.333 34.536 65.219 4.568 34.036 66.039 4.635
Q 34.536 65.219 3.333 35.036 64.399 3.333 35.036 64.399 4.501 34.536 65.219 4.568
Q 35.036 64.399 3.333 35.536 63.579 3.333 35.536 63.579 4.434 35.036 64.399 4.501
Q 35.536 63.579 3.333 36.035 62.759 3.333 36.035 62.759 4.367 35.536 63.579 4.434
Q 36.035 62.759 3.333 36.535 61.939 3.333 36.535 61.939 4.300 36.035 62.759 4.367
Q 36.535 61.939 3.333 37.035 61.119 3.333 37.035 61.119 4.233 36.535 61.939 4.300
Q 21.063 74.222 5.983 21.952 74.275 5.909 21.952 74.275 7.816 21.063 74.222 7.890
Q 21.952 74.275 5.909 22.840 74.328 5.835 22.840 74.328 7.742 21.952 74.275 7.816
Q 22.840 74.328 5.835 23.729 74.380 5.761 23.729 74.380 7.668 22.840 74.328 7.742
Q 23.729 74.380 5.761 24.618 74.433 5.687 24.618 74.433 7.595 23.729 74.380 7.668
Q 24.618 74.433 5.687 25.566 74.490 5.608 25.566 74.490 7.178 24.618 74.433 7.178
Q 25.566 74.490 5.608 26.515 74.546 5.530 26.515 74.546 7.178 25.566 74.490 7.178
Q 26.515 74.546 5.530 27.463 74.603 5.451 27.463 74.603 7.178 26.515 74.546 7.178
Q 27.463 74.603 5.451 28.411 74.659 5.372 28.411 74.659 7.178 27.463 74.603 7.178
Q 28.411 74.659 5.372 29.360 74.716 5.293 29.360 74.716 7.178 28.411 74.659 7.178
Q 29.360 74.716 5.293 30.308 74.772 5.214 30.308 74.772 7.178 29.360 74.716 7.178
Q 30.308 74.772 5.214 31.225 74.827 5.138 31.225 74.827 7.178 30.308 74.772 7.178
Q 31.225 74.827 5.138 32.142 74.881 5.061 32.142 74.881 7.178 31.225 74.827 7.178
Q 32.142 74.881 5.061 33.059 74.936 4.985 33.059 74.936 7.178 32.142 74.881 7.178
Q 33.059 74.936 4.985 33.976 74.990 4.909 33.976 74.990 7.178 33.059 74.936 7.178
Q 33.976 74.990 4.909 34.893 75.045 4.833 34.893 75.045 7.178 33.976 74.990 7.178
Q 34.893 75.045 4.833 35.810 75.099 4.756 35.810 75.099 7.178 34.893 75.045 7.178
Q 35.810 75.099 3.333 35.810 74.348 3.333 35.810 74.348 4.734 35.810 75.099 4.756
Q 35.810 74.348 3.333 35.810 73.596 3.333 35.810 73.596 4.711 35.810 74.348 4.734
Q 35.810 73.596 3.333 35.810 72.845 3.333 35.810 72.845 4.689 35.810 73.596 4.711
Q 35.810 72.845 3.333 35.810 72.093 3.333 35.810 72.093 4.666 35.810 72.845 4.689
Q 35.810 72.093 3.333 34.931 72.041 3.333 34.931 72.041 4.739 35.810 72.093 4.666
Q 34.931 72.041 3.333 34.053 71.989 3.333 34.053 71.989 4.812 34.931 72.041 4.739
Q 34.053 71.989 3.333 33.174 71.937 3.333 33.174 71.937 4.885 34.053 71.989 4.812
Q 33.174 71.937 3.333 32.295 71.884 3.333 32.295 71.884 4.959 33.174 71.937 4.885
Q 32.295 71.884 3.333 31.417 71.832 3.333 31.417 71.832 5.032 32.295 71.884 4.959
Q 31.417 71.832 3.333 30.538 71.780 3.333 30.538 71.780 5.105 31.417 71.832 5.032
Q 35.810 75.310 3.333 36.795 75.310 3.333 36.795 75.310 7.178 35.810 75.310 7.178
Q 36.795 75.310 3.333 37.781 75.310 3.333 37.781 75.310 7.178 36.795 75.310 7.178
Q 37.781 75.310 3.333 38.766 75.310 3.333 38.766 75.310 7.178 37.781 75.310 7.178
Q 38.766 75.310 3.333 39.751 75.310 3.333 39.751 75.310 6.416 38.766 75.310 6.416
Q 39.751 75.310 3.333 40.737 75.310 3.333 40.737 75.310 6.416 39.751 75.310 6.416
Q 40.737 75.310 3.333 41.722 75.310 3.333 41.722 75.310 6.416 40.737 75.310 6.416
Q 41.722 75.310 3.333 42.707 75.310 3.333 42.707 75.310 6.416 41.722 75.310 6.416
Q 42.707 75.310 3.333 43.693 75.310 3.333 43.693 75.310 6.416 42.707 75.310 6.416
Q 43.693 75.310 3.333 44.678 75.310 3.333 44.678 75.310 6.416 43.693 75.310 6.416
Q 69.340 77.350 2.170 70.326 77.350 2.170 70.326 77.350 2.916 69.340 77.350 2.916
Q 70.326 77.350 2.170 71.313 77.350 2.170 71.313 77.350 2.916 70.326 77.350 2.916
Q 71.313 77.350 2.170 72.299 77.350 2.170 72.299 77.350 2.916 71.313 77.350 2.916
Q 72.299 77.350 2.170 73.285 77.350 2.170 73.285 77.350 2.916 72.299 77.350 2.916
Q 73.285 77.350 2.170 74.272 77.350 2.170 74.272 77.350 2.916 73.285 77.350 2.916
Q 74.272 77.350 2.170 75.258 77.350 2.170 75.258 77.350 2.916 74.272 77.350 2.916
Q 75.258 77.350 2.170 76.244 77.350 2.170 76.244 77.350 2.916 75.258 77.350 2.916
Q 76.244 77.350 2.170 77.231 77.350 2.170 77.231 77.350 2.916 76.244 77.350 2.916
Q 77.231 77.350 2.170 78.217 77.350 2.170 78.217 77.350 2.916 77.231 77.350 2.916
Q 78.217 77.350 2.170 79.203 77.350 2.170 79.203 77.350 2.763 78.217 77.350 2.847
Q 79.203 77.350 2.170 80.190 77.350 2.170 80.190 77.350 2.679 79.203 77.350 2.763
Q 80.190 77.350 2.170 81.176 77.350 2.170 81.176 77.350 2.595 80.190 77.350 2.679
Q 81.176 77.350 2.170 82.162 77.350 2.170 82.162 77.350 2.512 81.176 77.350 2.595
Q 82.162 77.350 2.170 83.149 77.350 2.170 83.149 77.350 2.428 82.162 77.350 2.512
Q 83.149 77.350 2.170 84.135 77.350 2.170 84.135 77.350 2.344 83.149 77.350 2.428
Q 84.135 77.350 2.170 85.121 77.350 2.170 85.121 77.350 2.260 84.135 77.350 2.344
Q 85.121 77.350 2.170 86.108 77.350 2.170 86.108 77.350 2.176 85.121 77.350 2.260
Q 86.108 77.350 2.170 87.094 77.350 2.093 87.094 77.350 2.170 86.108 77.350 2.176
Q 87.094 77.350 2.093 88.080 77.350 2.009 88.080 77.350 2.170 87.094 77.350 2.170
Q 88.080 77.350 2.009 89.067 77.350 1.925 89.067 77.350 2.170 88.080 77.350 2.170
Q 89.067 77.350 1.925 90.053 77.350 1.841 90.053 77.350 2.170 89.067 77.350 2.170
Q 90.053 77.350 1.841 91.039 77.350 1.757 91.039 77.350 2.170 90.053 77.350 2.170
Q 91.039 77.350 1.757 92.026 77.350 1.673 92.026 77.350 2.170 91.039 77.350 2.170
Q 92.026 77.350 1.673 93.012 77.350 1.590 93.012 77.350 2.170 92.026 77.350 2.170
Q 93.012 77.350 1.590 93.998 77.350 1.506 93.998 77.350 2.170 93.012 77.350 2.170
Q 93.998 77.350 1.506 94.985 77.350 1.422 94.985 77.350 2.170 93.998 77.350 2.170
Q 94.985 77.350 1.422 95.971 77.350 1.338 95.971 77.350 2.170 94.985 77.350 2.170
Q 95.971 77.350 1.338 96.957 77.350 1.254 96.957 77.350 2.170 95.971 77.350 2.170
Q 96.957 77.350 1.254 97.944 77.350 1.171 97.944 77.350 2.170 96.957 77.350 2.170
Q 97.944 77.350 1.181 98.930 77.350 1.172 98.930 77.350 2.170 97.944 77.350 2.170
Q 98.930 77.350 1.172 98.930 76.383 1.065 98.930 76.383 2.170 98.930 77.350 2.170
Q 102.860 76.160 -0.627 102.860 77.127 -0.627 102.860 77.127 0.909 102.860 76.160 0.784
Q 102.860 77.127 -0.627 102.860 78.093 -0.627 102.860 78.093 1.034 102.860 77.127 0.909
Q 102.860 78.093 -0.627 102.860 79.060 -0.627 102.860 79.060 1.102 102.860 78.093 1.034
Q 102.860 79.060 -0.627 103.846 79.060 -0.627 103.846 79.060 1.018 102.860 79.060 1.102
Q 103.846 79.060 -0.627 104.833 79.060 -0.627 104.833 79.060 0.935 103.846 79.060 1.018
Q 104.833 79.060 -0.627 105.819 79.060 -0.627 105.819 79.060 0.851 104.833 79.060 0.935
Q 105.819 79.060 -0.627 106.805 79.060 -0.627 106.805 79.060 0.768 105.819 79.060 0.851
Q 106.805 79.060 -0.627 107.792 79.060 -0.627 107.792 79.060 0.684 106.805 79.060 0.768
Q 107.792 79.060 -0.627 108.778 79.060 -0.627 108.778 79.060 0.600 107.792 79.060 0.684
Q 108.778 79.060 -0.627 109.764 79.060 -0.627 109.764 79.060 0.517 108.778 79.060 0.600
Q 109.764 79.060 -0.627 110.751 79.060 -0.627 110.751 79.060 0.433 109.764 79.060 0.517
Q 110.751 79.060 -0.627 111.737 79.060 -0.627 111.737 79.060 0.350 110.751 79.060 0.433
Q 111.737 79.060 -0.627 112.723 79.060 -0.627 112.723 79.060 0.247 111.737 79.060 0.350
Q 112.723 79.060 -0.627 113.710 79.060 -0.627 113.710 79.060 0.115 112.723 79.060 0.247
Q 113.710 79.060 -0.627 114.696 79.060 -0.627 114.696 79.060 0.026 113.710 79.060 0.115
Q 114.696 79.060 -0.627 115.682 79.060 -0.627 115.682 79.060 -0.064 114.696 79.060 0.026
Q 115.682 79.060 -0.627 116.669 79.060 -0.627 116.669 79.060 -0.153 115.682 79.060 -0.064
Q 116.669 79.060 -0.627 117.655 79.060 -0.627 117.655 79.060 -0.243 116.669 79.060 -0.153
Q 117.655 79.060 -0.627 118.641 79.060 -0.627 118.641 79.060 -0.332 117.655 79.060 -0.243
Q 118.641 79.060 -0.627 119.628 79.060 -0.627 119.628 79.060 -0.422 118.641 79.060 -0.332
Q 119.628 79.060 -0.627 120.614 79.060 -0.627 120.614 79.060 -0.511 119.628 79.060 -0.422
Q 120.614 79.060 -0.627 121.600 79.060 -0.627 121.600 79.060 -0.601 120.614 79.060 -0.511
Q 121.600 79.060 -0.627 122.587 79.060 -0.691 122.587 79.060 -0.627 121.600 79.060 -0.601
Q 122.587 79.060 -0.691 123.573 79.060 -0.780 123.573 79.060 -0.627 122.587 79.060 -0.627
Q 123.573 79.060 -0.780 124.559 79.060 -0.870 124.559 79.060 -0.627 123.573 79.060 -0.627
Q 124.559 79.060 -0.870 125.546 79.060 -0.987 125.546 79.060 -0.627 124.559 79.060 -0.627
Q 125.546 79.060 -0.987 126.532 79.060 -1.144 126.532 79.060 -0.627 125.546 79.060 -0.627
Q 126.532 79.060 -1.144 127.518 79.060 -1.291 127.518 79.060 -0.627 126.532 79.060 -0.627
Q 127.518 79.060 -1.291 128.505 79.060 -1.375 128.505 79.060 -0.627 127.518 79.060 -0.627
Q 128.505 79.060 -1.375 129.491 79.060 -1.459 129.491 79.060 -0.627 128.505 79.060 -0.627
Q 129.491 79.060 -1.459 130.477 79.060 -1.543 130.477 79.060 -0.627 129.491 79.060 -0.627
Q 130.477 79.060 -1.543 131.464 79.060 -1.627 131.464 79.060 -0.627 130.477 79.060 -0.627
Q 131.464 79.060 -1.627 132.450 79.060 -1.710 132.450 79.060 -0.627 131.464 79.060 -0.627
Q 132.450 79.060 -1.710 132.450 78.093 -1.739 132.450 78.093 -0.627 132.450 79.060 -0.627
Q 134.219 77.670 -1.902 134.277 76.703 -1.936 134.277 76.703 -0.627 134.219 77.670 -0.627
Q 134.277 76.703 -1.936 134.336 75.736 -1.970 134.336 75.736 -0.627 134.277 76.703 -0.627
Q 134.336 75.736 -1.970 134.394 74.768 -2.004 134.394 74.768 -0.627 134.336 75.736 -0.627
Q 134.394 74.768 -2.004 134.453 73.801 -2.038 134.453 73.801 -0.627 134.394 74.768 -0.627
Q 134.453 73.801 -2.038 134.511 72.834 -2.072 134.511 72.834 -0.627 134.453 73.801 -0.627
Q 134.511 72.834 -2.072 134.570 71.867 -2.106 134.570 71.867 -0.627 134.511 72.834 -0.627
Q 134.570 71.867 -2.106 134.628 70.900 -2.140 134.628 70.900 -0.627 134.570 71.867 -0.627
Q 134.628 70.900 -2.140 134.687 69.933 -2.174 134.687 69.933 -0.627 134.628 70.900 -0.627
Q 134.687 69.933 -2.174 134.745 68.965 -2.208 134.745 68.965 -0.627 134.687 69.933 -0.627
Q 134.745 68.965 -2.208 134.804 67.998 -2.242 134.804 67.998 -0.627 134.745 68.965 -0.627
Q 134.804 67.998 -2.242 134.862 67.031 -2.276 134.862 67.031 -0.627 134.804 67.998 -0.627
Q 132.214 77.826 -1.727 133.209 77.886 -1.810 133.209 77.886 -0.627 132.214 77.826 -0.627
Q 133.209 77.886 -1.810 134.203 77.945 -1.893 134.203 77.945 -0.627 133.209 77.886 -0.627
Q 134.203 77.945 -1.893 134.219 77.670 -1.902 134.219 77.670 -0.627 134.203 77.945 -0.627
Q 100.920 65.978 -0.627 100.980 64.983 -0.627 100.980 64.983 2.170 100.920 65.978 2.170
Q 99.339 75.872 1.008 100.321 75.930 0.926 100.321 75.930 2.170 99.339 75.872 2.170
Q 66.868 73.941 2.170 66.932 72.943 2.170 66.932 72.943 3.333 66.868 73.941 3.333
Q 66.932 72.943 2.170 66.996 71.945 2.170 66.996 71.945 3.333 66.932 72.943 3.333
Q 66.996 71.945 2.170 67.059 70.947 2.170 67.059 70.947 3.333 66.996 71.945 3.333
Q 67.059 70.947 2.170 67.123 69.949 2.170 67.123 69.949 3.333 67.059 70.947 3.333
Q 67.123 69.949 2.170 67.187 68.951 2.170 67.187 68.951 3.333 67.123 69.949 3.333
Q 67.187 68.951 2.170 67.251 67.954 2.170 67.251 67.954 3.333 67.187 68.951 3.333
Q 67.251 67.954 2.170 67.315 66.956 2.170 67.315 66.956 3.333 67.251 67.954 3.333
Q 67.315 66.956 2.170 67.379 65.958 2.170 67.379 65.958 3.333 67.315 66.956 3.333
Q 67.379 65.958 2.170 67.442 64.960 2.170 67.442 64.960 3.333 67.379 65.958 3.333
Q 67.442 64.960 2.170 67.506 63.962 2.170 67.506 63.962 3.333 67.442 64.960 3.333
Q 67.506 63.962 2.170 67.570 62.964 2.170 67.570 62.964 3.333 67.506 63.962 3.333
Q 67.157 73.958 2.170 67.217 72.960 2.170 67.217 72.960 3.333 67.157 73.958 3.333
Q 67.217 72.960 2.170 67.277 71.962 2.170 67.277 71.962 3.333 67.217 72.960 3.333
Q 67.277 71.962 2.170 67.337 70.964 2.170 67.337 70.964 3.333 67.277 71.962 3.333
Q 67.337 70.964 2.170 67.397 69.966 2.170 67.397 69.966 3.333 67.337 70.964 3.333
Q 67.397 69.966 2.170 67.457 68.968 2.170 67.457 68.968 3.333 67.397 69.966 3.333
Q 67.457 68.968 2.170 67.517 67.969 2.170 67.517 67.969 3.333 67.457 68.968 3.333
Q 67.517 67.969 2.170 67.577 66.971 2.170 67.577 66.971 3.333 67.517 67.969 3.333
Q 67.577 66.971 2.170 67.637 65.973 2.170 67.637 65.973 3.333 67.577 66.971 3.333
Q 67.637 65.973 2.170 67.697 64.975 2.170 67.697 64.975 3.333 67.637 65.973 3.333
Q 67.697 64.975 2.170 67.757 63.977 2.170 67.757 63.977 3.333 67.697 64.975 3.333
Q 67.757 63.977 2.170 67.817 62.979 2.170 67.817 62.979 3.333 67.757 63.977 3.333
Q 100.321 75.930 0.926 100.713 75.953 0.893 100.713 75.953 2.170 100.321 75.930 2.170
Q 100.713 75.953 -0.627 100.764 74.958 -0.627 100.764 74.958 2.170 100.713 75.953 2.170
Q 100.764 74.958 -0.627 100.815 73.962 -0.627 100.815 73.962 2.170 100.764 74.958 2.170
Q 100.815 73.962 -0.627 100.866 72.966 -0.627 100.866 72.966 2.170 100.815 73.962 2.170
Q 100.866 72.966 -0.627 100.917 71.971 -0.627 100.917 71.971 2.170 100.866 72.966 2.170
Q 100.917 71.971 -0.627 100.968 70.975 -0.627 100.968 70.975 2.170 100.917 71.971 2.170
Q 100.968 70.975 -0.627 101.019 69.979 -0.627 101.019 69.979 2.170 100.968 70.975 2.170
Q 101.019 69.979 -0.627 101.070 68.984 -0.627 101.070 68.984 2.170 101.019 69.979 2.170
Q 101.070 68.984 -0.627 101.121 67.988 -0.627 101.121 67.988 2.170 101.070 68.984 2.170
Q 101.121 67.988 -0.627 101.172 66.992 -0.627 101.172 66.992 2.170 101.121 67.988 2.170
Q 101.172 66.992 -0.627 101.223 65.996 -0.627 101.223 65.996 2.170 101.172 66.992 2.170
Q 101.223 65.996 -0.627 101.274 65.001 -0.627 101.274 65.001 2.170 101.223 65.996 2.170
Q 100.713 75.953 -0.627 101.498 76.000 -0.627 101.498 76.000 0.845 100.713 75.953 0.893
Q 101.498 76.000 -0.627 102.283 76.047 -0.627 102.283 76.047 0.812 101.498 76.000 0.845
Q 102.283 76.047 -0.627 103.068 76.093 -0.627 103.068 76.093 0.757 102.283 76.047 0.812
Q 156.748 93.073 -3.045 156.239 93.043 -3.003 156.239 93.043 -1.822 156.748 93.073 -1.822
Q 156.239 93.043 -3.003 155.730 93.013 -2.960 155.730 93.013 -1.822 156.239 93.043 -1.822
Q 155.730 93.013 -2.960 155.730 93.996 -2.931 155.730 93.996 -1.822 155.730 93.013 -1.822
Q 155.730 93.996 -2.931 155.730 94.980 -2.901 155.730 94.980 -1.822 155.730 93.996 -1.822
Q 155.730 94.980 -2.901 154.758 94.980 -2.819 154.758 94.980 -1.822 155.730 94.980 -1.822
Q 154.758 94.980 -2.819 153.786 94.980 -2.737 153.786 94.980 -1.822 154.758 94.980 -1.822
Q 153.786 94.980 -2.737 152.814 94.980 -2.654 152.814 94.980 -1.822 153.786 94.980 -1.822
Q 152.814 94.980 -2.654 151.842 94.980 -2.572 151.842 94.980 -1.822 152.814 94.980 -1.822
Q 151.842 94.980 -2.572 150.870 94.980 -2.490 150.870 94.980 -1.822 151.842 94.980 -1.822
Q 150.870 94.980 -2.490 149.898 94.980 -2.407 149.898 94.980 -1.822 150.870 94.980 -1.822
Q 149.898 94.980 -2.407 148.926 94.980 -2.325 148.926 94.980 -1.822 149.898 94.980 -1.822
Q 148.926 94.980 -2.325 147.954 94.980 -2.242 147.954 94.980 -1.822 148.926 94.980 -1.822
Q 147.954 94.980 -2.242 146.983 94.980 -2.160 146.983 94.980 -1.822 147.954 94.980 -1.822
Q 146.983 94.980 -2.160 146.011 94.980 -2.078 146.011 94.980 -1.822 146.983 94.980 -1.822
Q 146.011 94.980 -2.078 145.039 94.980 -1.995 145.039 94.980 -1.822 146.011 94.980 -1.822
Q 145.039 94.980 -1.995 144.067 94.980 -1.913 144.067 94.980 -1.822 145.039 94.980 -1.822
Q 144.067 94.980 -1.913 143.095 94.980 -1.831 143.095 94.980 -1.822 144.067 94.980 -1.822
Q 143.095 94.980 -1.831 142.123 94.980 -1.822 142.123 94.980 -1.748 143.095 94.980 -1.822
Q 142.123 94.980 -1.822 141.151 94.980 -1.822 141.151 94.980 -1.666 142.123 94.980 -1.748
Q 141.151 94.980 -1.822 140.179 94.980 -1.822 140.179 94.980 -1.583 141.151 94.980 -1.666
Q 140.179 94.980 -1.822 139.207 94.980 -1.822 139.207 94.980 -1.501 140.179 94.980 -1.583
Q 139.207 94.980 -1.822 138.235 94.980 -1.822 138.235 94.980 -1.419 139.207 94.980 -1.501
Q 138.235 94.980 -1.822 137.263 94.980 -1.822 137.263 94.980 -1.336 138.235 94.980 -1.419
Q 137.263 94.980 -1.822 136.291 94.980 -1.822 136.291 94.980 -1.254 137.263 94.980 -1.336
Q 136.291 94.980 -1.822 135.319 94.980 -1.822 135.319 94.980 -1.172 136.291 94.980 -1.254
Q 126.160 94.171 -1.822 126.160 93.384 -1.822 126.160 93.384 -0.443 126.160 94.171 -0.420
Q 126.160 93.384 -1.822 126.160 92.597 -1.822 126.160 92.597 -0.467 126.160 93.384 -0.443
Q 126.160 92.597 -1.822 126.160 91.810 -1.822 126.160 91.810 -0.490 126.160 92.597 -0.467
Q 126.160 91.810 -1.822 126.160 91.024 -1.822 126.160 91.024 -0.514 126.160 91.810 -0.490
Q 126.160 91.024 -1.822 125.422 90.833 -1.822 125.422 90.833 -0.457 126.160 91.024 -0.514
Q 125.422 90.833 -1.822 124.684 90.642 -1.822 124.684 90.642 -0.400 125.422 90.833 -0.457
Q 124.684 90.642 -1.822 123.946 90.451 -1.822 123.946 90.451 -0.343 124.684 90.642 -0.400
Q 123.946 90.451 -1.822 123.208 90.260 -1.822 123.208 90.260 -0.287 123.946 90.451 -0.343
Q 123.208 90.260 -1.822 123.290 89.271 -1.822 123.290 89.271 -0.323 123.208 90.260 -0.287
Q 123.290 89.271 -1.822 123.373 88.282 -1.822 123.373 88.282 -0.360 123.290 89.271 -0.323
Q 123.373 88.282 -1.822 123.455 87.293 -1.822 123.455 87.293 -0.397 123.373 88.282 -0.360
Q 123.455 87.293 -1.822 123.538 86.303 -1.822 123.538 86.303 -0.433 123.455 87.293 -0.397
Q 123.538 86.303 -1.822 123.620 85.314 -1.822 123.620 85.314 -0.470 123.538 86.303 -0.433
Q 123.620 85.314 -1.822 123.703 84.325 -1.822 123.703 84.325 -0.507 123.620 85.314 -0.470
Q 123.703 84.325 -1.822 123.785 83.336 -1.822 123.785 83.336 -0.543 123.703 84.325 -0.507
Q 123.785 83.336 -1.822 123.829 82.587 -1.822 123.829 82.587 -0.569 123.785 83.336 -0.543
Q 123.829 82.587 -1.822 123.874 81.838 -1.822 123.874 81.838 -0.596 123.829 82.587 -0.569
Q 123.874 81.838 -1.822 123.918 81.090 -1.822 123.918 81.090 -0.622 123.874 81.838 -0.596
Q 123.918 81.090 -1.822 123.963 80.341 -1.822 123.963 80.341 -0.648 123.918 81.090 -0.622
Q 100.958 78.973 1.261 100.913 79.722 1.287 100.913 79.722 2.916 100.958 78.973 2.916
Q 100.913 79.722 1.287 100.869 80.471 1.313 100.869 80.471 2.916 100.913 79.722 2.916
Q 100.869 80.471 1.313 100.825 81.219 1.339 100.825 81.219 2.916 100.869 80.471 2.916
Q 100.825 81.219 1.339 100.780 81.968 1.366 100.780 81.968 2.916 100.825 81.219 2.916
Q 100.780 81.968 1.366 100.738 82.882 1.397 100.738 82.882 2.916 100.780 81.968 2.916
Q 100.738 82.882 1.397 100.695 83.796 1.428 100.695 83.796 2.916 100.738 82.882 2.916
Q 100.695 83.796 1.428 100.653 84.710 1.459 100.653 84.710 2.916 100.695 83.796 2.916
Q 100.653 84.710 1.459 100.610 85.624 1.490 100.610 85.624 2.916 100.653 84.710 2.916
Q 100.610 85.624 1.490 100.568 86.538 1.521 100.568 86.538 2.916 100.610 85.624 2.916
Q 100.568 86.538 1.521 100.525 87.452 1.552 100.525 87.452 2.916 100.568 86.538 2.916
Q 100.525 87.452 1.552 100.483 88.366 1.583 100.483 88.366 2.916 100.525 87.452 2.916
Q 100.483 88.366 1.583 99.795 88.538 1.646 99.795 88.538 2.916 100.483 88.366 2.916
Q 99.795 88.538 1.646 99.108 88.709 1.709 99.108 88.709 2.916 99.795 88.538 2.916
Q 99.108 88.709 1.709 98.420 88.881 1.773 98.420 88.881 2.916 99.108 88.709 2.916
Q 98.420 88.881 1.773 98.420 89.584 1.794 98.420 89.584 2.916 98.420 88.881 2.916
Q 98.420 89.584 1.794 98.420 90.287 1.815 98.420 90.287 2.916 98.420 89.584 2.916
Q 98.420 90.287 1.815 98.420 90.990 1.836 98.420 90.990 2.916 98.420 90.287 2.916
Q 98.420 90.990 1.836 97.434 90.990 1.920 97.434 90.990 2.916 98.420 90.990 2.916
Q 97.434 90.990 1.920 96.449 90.990 2.003 96.449 90.990 2.916 97.434 90.990 2.916
Q 96.449 90.990 2.003 95.463 90.990 2.087 95.463 90.990 2.916 96.449 90.990 2.916
Q 95.463 90.990 2.087 94.477 90.990 2.170 94.477 90.990 2.916 95.463 90.990 2.916
Q 94.477 90.990 2.170 93.492 90.990 2.254 93.492 90.990 2.916 94.477 90.990 2.916
Q 93.492 90.990 2.254 92.506 90.990 2.337 92.506 90.990 2.916 93.492 90.990 2.916
Q 92.506 90.990 2.337 91.520 90.990 2.421 91.520 90.990 2.916 92.506 90.990 2.916
Q 91.520 90.990 2.421 90.535 90.990 2.505 90.535 90.990 2.916 91.520 90.990 2.916
Q 90.535 90.990 2.505 89.549 90.990 2.588 89.549 90.990 2.916 90.535 90.990 2.916
Q 89.549 90.990 2.588 88.563 90.990 2.672 88.563 90.990 2.916 89.549 90.990 2.916
Q 88.563 90.990 2.672 87.578 90.990 2.755 87.578 90.990 2.916 88.563 90.990 2.916
Q 87.578 90.990 2.755 86.592 90.990 2.839 86.592 90.990 2.916 87.578 90.990 2.916
Q 86.592 90.990 2.839 85.606 90.990 2.916 85.606 90.990 2.922 86.592 90.990 2.916
Q 85.606 90.990 2.916 84.621 90.990 2.916 84.621 90.990 3.006 85.606 90.990 2.922
Q 84.621 90.990 2.916 83.635 90.990 2.916 83.635 90.990 3.089 84.621 90.990 3.006
Q 83.635 90.990 2.916 82.649 90.990 2.916 82.649 90.990 3.173 83.635 90.990 3.089
Q 82.649 90.990 2.916 81.664 90.990 2.916 81.664 90.990 3.256 82.649 90.990 3.173
Q 81.664 90.990 2.916 80.678 90.990 2.916 80.678 90.990 3.340 81.664 90.990 3.256
Q 80.678 90.990 2.916 79.692 90.990 2.916 79.692 90.990 3.423 80.678 90.990 3.340
Q 79.692 90.990 2.916 78.707 90.990 2.916 78.707 90.990 3.507 79.692 90.990 3.423
Q 78.707 90.990 2.916 77.721 90.990 2.916 77.721 90.990 3.591 78.707 90.990 3.507
Q 77.721 90.990 2.916 76.735 90.990 2.916 76.735 90.990 3.674 77.721 90.990 3.591
Q 76.735 90.990 2.916 75.750 90.990 2.916 75.750 90.990 3.758 76.735 90.990 3.674
Q 75.750 90.990 2.916 74.764 90.990 2.916 74.764 90.990 3.841 75.750 90.990 3.758
Q 74.764 90.990 2.916 73.778 90.990 2.916 73.778 90.990 3.925 74.764 90.990 3.841
Q 73.778 90.990 2.916 72.793 90.990 2.916 72.793 90.990 4.008 73.778 90.990 3.925
Q 72.793 90.990 2.916 71.807 90.990 2.916 71.807 90.990 4.092 72.793 90.990 4.008
Q 71.807 90.990 2.916 70.821 90.990 2.916 70.821 90.990 4.175 71.807 90.990 4.092
Q 70.821 90.990 2.916 69.836 90.990 2.916 69.836 90.990 4.259 70.821 90.990 4.175
Q 69.836 90.990 2.916 68.850 90.990 2.916 68.850 90.990 4.342 69.836 90.990 4.259
Q 68.850 90.990 2.916 68.850 90.202 2.916 68.850 90.202 4.319 68.850 90.990 4.342
Q 68.850 90.202 2.916 68.850 89.413 2.916 68.850 89.413 4.295 68.850 90.202 4.319
Q 68.850 89.413 2.916 68.850 88.624 2.916 68.850 88.624 4.271 68.850 89.413 4.295
Q 68.850 88.624 2.916 68.850 87.836 2.916 68.850 87.836 4.248 68.850 88.624 4.271
Q 68.850 87.836 2.916 67.892 87.836 2.916 67.892 87.836 4.329 68.850 87.836 4.248
Q 67.892 87.836 2.916 66.935 87.836 2.916 66.935 87.836 4.410 67.892 87.836 4.329
Q 66.935 87.836 2.916 65.977 87.836 2.916 65.977 87.836 4.491 66.935 87.836 4.410
Q 65.970 87.836 2.916 66.028 86.847 2.916 66.028 86.847 4.457 65.970 87.836 4.492
Q 66.028 86.847 2.916 66.087 85.858 2.916 66.087 85.858 4.423 66.028 86.847 4.457
Q 66.087 85.858 2.916 66.145 84.869 2.916 66.145 84.869 4.388 66.087 85.858 4.423
Q 66.145 84.869 2.916 66.203 83.880 2.916 66.203 83.880 4.353 66.145 84.869 4.388
Q 66.203 83.880 2.916 66.262 82.891 2.916 66.262 82.891 4.319 66.203 83.880 4.353
Q 66.262 82.891 2.916 66.320 81.902 2.916 66.320 81.902 4.284 66.262 82.891 4.319
Q 66.320 81.902 2.916 66.379 80.913 2.916 66.379 80.913 4.250 66.320 81.902 4.284
Q 66.379 80.913 2.916 66.437 79.924 2.916 66.437 79.924 4.215 66.379 80.913 4.250
Q 66.437 79.924 2.916 66.496 78.926 2.916 66.496 78.926 4.180 66.437 79.924 4.215
Q 66.496 78.926 2.916 66.556 77.929 2.916 66.556 77.929 4.145 66.496 78.926 4.180
Q 66.556 77.929 2.916 66.615 76.931 2.916 66.615 76.931 4.110 66.556 77.929 4.145
Q 55.455 76.267 5.036 55.410 77.018 5.062 55.410 77.018 5.789 55.455 76.267 5.789
Q 55.410 77.018 5.062 55.366 77.770 5.089 55.366 77.770 5.789 55.410 77.018 5.789
Q 55.366 77.770 5.089 55.322 78.522 5.115 55.322 78.522 5.789 55.366 77.770 5.789
Q 55.322 78.522 5.115 55.277 79.273 5.141 55.277 79.273 5.789 55.322 78.522 5.789
Q 55.277 79.273 5.141 55.220 80.182 5.173 55.220 80.182 5.789 55.277 79.273 5.789
Q 55.220 80.182 5.173 55.164 81.091 5.205 55.164 81.091 5.789 55.220 80.182 5.789
Q 55.164 81.091 5.205 55.107 82.000 5.238 55.107 82.000 5.789 55.164 81.091 5.789
Q 55.107 82.000 5.238 55.051 82.909 5.270 55.051 82.909 5.789 55.107 82.000 5.789
Q 55.051 82.909 5.270 54.994 83.818 5.302 54.994 83.818 5.789 55.051 82.909 5.789
Q 54.994 83.818 5.302 54.938 84.727 5.334 54.938 84.727 5.789 54.994 83.818 5.789
Q 54.938 84.727 5.334 54.881 85.636 5.366 54.881 85.636 5.789 54.938 84.727 5.789
Q 54.881 85.636 5.366 54.825 86.545 5.398 54.825 86.545 5.789 54.881 85.636 5.789
Q 54.825 86.545 5.398 54.768 87.454 5.430 54.768 87.454 5.789 54.825 86.545 5.789
Q 54.768 87.454 5.430 53.844 87.397 5.506 53.844 87.397 5.789 54.768 87.454 5.789
Q 53.844 87.397 5.506 52.920 87.339 5.583 52.920 87.339 5.789 53.844 87.397 5.789
Q 52.920 87.339 5.583 52.920 87.820 5.598 52.920 87.820 5.789 52.920 87.339 5.789
Q 52.920 87.820 5.598 51.921 87.820 5.682 51.921 87.820 5.789 52.920 87.820 5.789
Q 51.921 87.820 5.682 50.922 87.820 5.767 50.922 87.820 5.789 51.921 87.820 5.789
Q 50.922 87.820 5.767 49.923 87.820 5.789 49.923 87.820 5.852 50.922 87.820 5.789
Q 49.923 87.820 5.789 48.924 87.820 5.789 48.924 87.820 5.936 49.923 87.820 5.852
Q 48.924 87.820 5.789 47.925 87.820 5.789 47.925 87.820 6.021 48.924 87.820 5.936
Q 47.925 87.820 5.789 46.926 87.820 5.789 46.926 87.820 6.106 47.925 87.820 6.021
Q 46.926 87.820 5.789 45.927 87.820 5.789 45.927 87.820 6.190 46.926 87.820 6.106
Q 45.927 87.820 5.789 45.895 87.570 5.789 45.895 87.570 6.185 45.927 87.820 6.190
Q 45.895 87.570 6.185 44.914 87.570 6.269 44.914 87.570 6.416 45.895 87.570 6.416
Q 44.914 87.570 6.269 43.934 87.570 6.352 43.934 87.570 6.416 44.914 87.570 6.416
Q 43.934 87.570 6.352 42.953 87.570 6.416 42.953 87.570 6.435 43.934 87.570 6.416
Q 42.953 87.570 6.416 41.973 87.570 6.416 41.973 87.570 6.518 42.953 87.570 6.435
Q 41.973 87.570 6.416 40.992 87.570 6.416 40.992 87.570 6.601 41.973 87.570 6.518
Q 40.992 87.570 6.416 40.012 87.570 6.416 40.012 87.570 6.684 40.992 87.570 6.601
Q 40.012 87.570 6.416 39.031 87.570 6.416 39.031 87.570 6.767 40.012 87.570 6.684
Q 39.031 87.570 6.416 38.051 87.570 6.416 38.051 87.570 6.850 39.031 87.570 6.767
Q 38.051 87.570 6.416 37.070 87.570 6.416 37.070 87.570 6.933 38.051 87.570 6.850
Q 37.070 87.570 6.416 37.070 86.654 6.416 37.070 86.654 6.906 37.070 87.570 6.933
Q 37.070 86.654 6.416 37.070 85.738 6.416 37.070 85.738 6.878 37.070 86.654 6.906
Q 37.070 85.738 6.416 37.070 84.822 6.416 37.070 84.822 6.851 37.070 85.738 6.878
Q 37.070 84.822 6.416 37.070 83.906 6.416 37.070 83.906 6.823 37.070 84.822 6.851
Q 37.070 83.906 6.416 37.070 82.990 6.416 37.070 82.990 6.796 37.070 83.906 6.823
Q 37.070 82.990 6.416 37.070 82.074 6.416 37.070 82.074 6.769 37.070 82.990 6.796
Q 37.070 82.074 6.416 37.193 81.474 6.416 37.193 81.474 6.740 37.070 82.074 6.769
Q 37.193 81.474 6.416 37.316 80.874 6.416 37.316 80.874 6.712 37.193 81.474 6.740
Q 37.316 80.874 6.712 37.120 81.832 6.757 37.120 81.832 7.178 37.316 80.874 7.178
Q 37.120 81.832 6.757 36.924 82.789 6.802 36.924 82.789 7.178 37.120 81.832 7.178
Q 36.924 82.789 6.802 36.728 83.747 6.848 36.728 83.747 7.178 36.924 82.789 7.178
Q 36.728 83.747 6.848 36.531 84.705 6.893 36.531 84.705 7.178 36.728 83.747 7.178
Q 36.531 84.705 6.893 36.335 85.662 6.938 36.335 85.662 7.178 36.531 84.705 7.178
Q 36.335 85.662 6.938 36.139 86.620 6.984 36.139 86.620 7.178 36.335 85.662 7.178
Q 36.139 86.620 6.984 35.155 86.620 7.067 35.155 86.620 7.178 36.139 86.620 7.178
Q 35.155 86.620 7.067 34.172 86.620 7.151 34.172 86.620 7.178 35.155 86.620 7.178
Q 34.172 86.620 7.151 33.188 86.620 7.178 33.188 86.620 7.234 34.172 86.620 7.178
Q 33.188 86.620 7.178 32.204 86.620 7.178 32.204 86.620 7.317 33.188 86.620 7.234
Q 32.204 86.620 7.178 31.220 86.620 7.178 31.220 86.620 7.401 32.204 86.620 7.317
Q 31.220 86.620 7.178 30.237 86.620 7.178 30.237 86.620 7.484 31.220 86.620 7.401
Q 30.237 86.620 7.178 29.253 86.620 7.178 29.253 86.620 7.567 30.237 86.620 7.484
Q 29.253 86.620 7.178 28.269 86.620 7.178 28.269 86.620 7.651 29.253 86.620 7.567
Q 28.269 86.620 7.178 27.285 86.620 7.178 27.285 86.620 7.734 28.269 86.620 7.651
Q 27.285 86.620 7.178 26.301 86.620 7.178 26.301 86.620 7.818 27.285 86.620 7.734
Q 26.301 86.620 7.178 25.318 86.620 7.178 25.318 86.620 7.901 26.301 86.620 7.818
Q 25.318 86.620 7.178 24.334 86.620 7.178 24.334 86.620 7.984 25.318 86.620 7.901
Q 24.334 86.620 7.178 23.350 86.620 7.178 23.350 86.620 8.068 24.334 86.620 7.984
Q 23.350 86.620 7.178 23.350 86.084 7.178 23.350 86.084 8.052 23.350 86.620 8.068
Q 23.350 86.084 7.178 23.350 85.549 7.178 23.350 85.549 8.036 23.350 86.084 8.052
Q 23.350 85.549 7.178 22.477 85.493 7.178 22.477 85.493 8.108 23.350 85.549 8.036
Q 22.477 85.493 7.178 21.604 85.438 7.178 21.604 85.438 8.180 22.477 85.493 8.108
Q 21.604 85.438 7.178 20.731 85.382 7.178 20.731 85.382 8.253 21.604 85.438 8.180
Q 20.731 85.382 7.178 19.858 85.327 7.178 19.858 85.327 8.325 20.731 85.382 8.253
Q 19.858 85.327 7.178 18.985 85.271 7.178 18.985 85.271 8.397 19.858 85.327 8.325
Q 18.985 85.271 7.178 19.421 84.431 7.178 19.421 84.431 8.335 18.985 85.271 8.397
Q 19.421 84.431 7.178 19.858 83.591 7.178 19.858 83.591 8.273 19.421 84.431 8.335
Q 19.858 83.591 7.178 20.294 82.751 7.178 20.294 82.751 8.211 19.858 83.591 8.273
Q 20.294 82.751 7.178 20.731 81.912 7.178 20.731 81.912 8.148 20.294 82.751 8.211
Q 20.731 81.912 7.178 21.168 81.072 7.178 21.168 81.072 8.086 20.731 81.912 8.148
Q 21.168 81.072 7.178 21.604 80.232 7.178 21.604 80.232 8.024 21.168 81.072 8.086
Q 21.604 80.232 7.178 22.041 79.392 7.178 22.041 79.392 7.962 21.604 80.232 8.024
Q 22.041 79.392 7.178 22.477 78.552 7.178 22.477 78.552 7.900 22.041 79.392 7.962
Q 22.477 78.552 7.178 22.914 77.712 7.178 22.914 77.712 7.838 22.477 78.552 7.900
Q 22.914 77.712 7.178 23.350 76.873 7.178 23.350 76.873 7.775 22.914 77.712 7.838
Q 23.350 76.873 7.178 23.350 76.740 7.178 23.350 76.740 7.771 23.350 76.873 7.775
Q 23.350 76.740 7.178 23.419 76.740 7.178 23.419 76.740 7.765 23.350 76.740 7.771
Q 23.419 76.740 7.178 23.819 75.971 7.178 23.819 75.971 7.709 23.419 76.740 7.765
Q 23.819 75.971 7.178 24.218 75.202 7.178 24.218 75.202 7.652 23.819 75.971 7.709
Q 24.218 75.202 7.178 24.618 74.433 7.178 24.618 74.433 7.595 24.218 75.202 7.652
Q 36.691 83.925 6.416 36.875 83.027 6.416 36.875 83.027 7.178 36.691 83.925 7.178
Q 36.875 83.027 6.416 37.059 82.129 6.416 37.059 82.129 7.178 36.875 83.027 7.178
Q 37.059 82.129 6.416 37.243 81.231 6.416 37.243 81.231 7.178 37.059 82.129 7.178
Q 37.243 81.231 6.416 37.427 80.333 6.416 37.427 80.333 7.178 37.243 81.231 7.178
Q 37.427 80.333 6.416 37.610 79.435 6.416 37.610 79.435 7.178 37.427 80.333 7.178
Q 37.610 79.435 6.416 37.794 78.536 6.416 37.794 78.536 7.178 37.610 79.435 7.178
Q 37.794 78.536 6.416 37.978 77.638 6.416 37.978 77.638 7.178 37.794 78.536 7.178
Q 37.978 77.638 6.416 38.162 76.740 6.416 38.162 76.740 7.178 37.978 77.638 7.178
Q 44.810 77.680 5.789 44.810 78.435 5.789 44.810 78.435 6.416 44.810 77.680 6.416
Q 44.810 78.435 5.789 44.810 79.190 5.789 44.810 79.190 6.416 44.810 78.435 6.416
Q 44.810 79.190 5.789 44.934 80.149 5.789 44.934 80.149 6.416 44.810 79.190 6.416
Q 44.934 80.149 5.789 45.058 81.107 5.789 45.058 81.107 6.416 44.934 80.149 6.416
Q 45.058 81.107 5.789 45.182 82.066 5.789 45.182 82.066 6.416 45.058 81.107 6.416
Q 45.182 82.066 5.789 45.306 83.025 5.789 45.306 83.025 6.416 45.182 82.066 6.416
Q 45.306 83.025 5.789 45.431 83.984 5.789 45.431 83.984 6.416 45.306 83.025 6.416
Q 45.431 83.984 5.789 45.555 84.943 5.789 45.555 84.943 6.416 45.431 83.984 6.416
Q 45.555 84.943 5.789 45.679 85.902 5.789 45.679 85.902 6.416 45.555 84.943 6.416
Q 45.679 85.902 5.789 45.803 86.861 5.789 45.803 86.861 6.416 45.679 85.902 6.416
Q 45.803 86.861 5.789 45.927 87.820 5.789 45.927 87.820 6.416 45.803 86.861 6.416
Q 45.137 81.712 5.789 45.010 80.736 5.789 45.010 80.736 6.416 45.137 81.712 6.416
Q 45.010 80.736 5.789 44.884 79.760 5.789 44.884 79.760 6.416 45.010 80.736 6.416
Q 37.544 79.760 6.416 37.386 80.531 6.416 37.386 80.531 7.178 37.544 79.760 7.178
Q 65.977 87.836 2.916 66.047 86.845 2.916 66.047 86.845 5.789 65.977 87.836 5.789
Q 66.047 86.845 2.916 66.117 85.855 2.916 66.117 85.855 5.789 66.047 86.845 5.789
Q 66.117 85.855 2.916 66.187 84.864 2.916 66.187 84.864 5.789 66.117 85.855 5.789
Q 66.187 84.864 2.916 66.258 83.873 2.916 66.258 83.873 5.789 66.187 84.864 5.789
Q 66.258 83.873 2.916 66.328 82.883 2.916 66.328 82.883 5.789 66.258 83.873 5.789
Q 66.328 82.883 2.916 66.398 81.892 2.916 66.398 81.892 5.789 66.328 82.883 5.789
Q 66.398 81.892 2.916 66.468 80.901 2.916 66.468 80.901 5.789 66.398 81.892 5.789
Q 66.468 80.901 2.916 66.538 79.911 2.916 66.538 79.911 5.789 66.468 80.901 5.789
Q 66.538 79.911 2.916 66.608 78.920 2.916 66.608 78.920 5.789 66.538 79.911 5.789
Q 66.608 78.920 2.916 66.678 77.930 2.916 66.678 77.930 5.789 66.608 78.920 5.789
Q 66.678 77.930 2.916 66.748 76.939 2.916 66.748 76.939 5.789 66.678 77.930 5.789
Q 83.712 77.948 2.398 82.714 77.889 2.481 82.714 77.889 2.916 83.712 77.948 2.916
Q 82.714 77.889 2.481 81.716 77.829 2.564 81.716 77.829 2.916 82.714 77.889 2.916
Q 81.716 77.829 2.564 80.718 77.770 2.647 80.718 77.770 2.916 81.716 77.829 2.916
Q 80.718 77.770 2.647 79.721 77.711 2.730 79.721 77.711 2.916 80.718 77.770 2.916
Q 79.721 77.711 2.730 78.723 77.651 2.813 78.723 77.651 2.916 79.721 77.711 2.916
Q 161.993 82.603 -4.115 161.003 82.544 -4.032 161.003 82.544 -1.822 161.993 82.603 -1.822
Q 161.003 82.544 -4.032 160.012 82.485 -3.950 160.012 82.485 -1.822 161.003 82.544 -1.822
Q 160.012 82.485 -3.950 159.022 82.426 -3.867 159.022 82.426 -1.822 160.012 82.485 -1.822
Q 159.022 82.426 -3.867 158.032 82.367 -3.785 158.032 82.367 -1.822 159.022 82.426 -1.822
Q 158.032 82.367 -3.785 157.042 82.308 -3.703 157.042 82.308 -1.822 158.032 82.367 -1.822
Q 157.042 82.308 -3.703 156.052 82.250 -3.620 156.052 82.250 -1.822 157.042 82.308 -1.822
Q 156.052 82.250 -3.620 155.061 82.191 -3.538 155.061 82.191 -1.822 156.052 82.250 -1.822
Q 155.061 82.191 -3.538 154.071 82.132 -3.456 154.071 82.132 -1.822 155.061 82.191 -1.822
Q 154.071 82.132 -3.456 153.081 82.073 -3.373 153.081 82.073 -1.822 154.071 82.132 -1.822
Q 153.081 82.073 -3.373 152.091 82.014 -3.291 152.091 82.014 -1.822 153.081 82.073 -1.822
Q 152.091 82.014 -3.291 151.100 81.955 -3.208 151.100 81.955 -1.822 152.091 82.014 -1.822
Q 151.100 81.955 -3.208 150.110 81.896 -3.126 150.110 81.896 -1.822 151.100 81.955 -1.822
Q 150.110 81.896 -3.126 149.120 81.837 -3.044 149.120 81.837 -1.822 150.110 81.896 -1.822
Q 133.148 80.888 -1.822 132.230 80.833 -1.822 132.230 80.833 -1.638 133.148 80.888 -1.715
Q 132.230 80.833 -1.822 131.311 80.779 -1.822 131.311 80.779 -1.562 132.230 80.833 -1.638
Q 131.311 80.779 -1.822 130.392 80.724 -1.822 130.392 80.724 -1.486 131.311 80.779 -1.562
Q 130.392 80.724 -1.822 129.474 80.669 -1.822 129.474 80.669 -1.409 130.392 80.724 -1.486
Q 129.474 80.669 -1.822 128.555 80.614 -1.822 128.555 80.614 -1.333 129.474 80.669 -1.409
Q 128.555 80.614 -1.822 127.637 80.560 -1.822 127.637 80.560 -1.256 128.555 80.614 -1.333
Q 127.637 80.560 -1.822 126.718 80.505 -1.822 126.718 80.505 -1.095 127.637 80.560 -1.256
Q 126.718 80.505 -1.822 125.800 80.450 -1.822 125.800 80.450 -0.926 126.718 80.505 -1.095
Q 125.800 80.450 -1.822 124.881 80.396 -1.822 124.881 80.396 -0.757 125.800 80.450 -0.926
Q 124.881 80.396 -1.822 123.963 80.341 -1.822 123.963 80.341 -0.648 124.881 80.396 -0.757
Q 100.958 78.973 1.261 100.039 78.918 1.305 100.039 78.918 2.916 100.958 78.973 2.916
Q 100.039 78.918 1.305 99.121 78.864 1.290 99.121 78.864 2.916 100.039 78.918 2.916
Q 99.121 78.864 1.290 98.202 78.809 1.275 98.202 78.809 2.916 99.121 78.864 2.916
Q 98.202 78.809 1.275 97.284 78.755 1.269 97.284 78.755 2.916 98.202 78.809 2.916
Q 97.284 78.755 1.269 96.365 78.700 1.345 96.365 78.700 2.916 97.284 78.755 2.916
Q 96.365 78.700 1.345 95.446 78.645 1.422 95.446 78.645 2.916 96.365 78.700 2.916
Q 95.446 78.645 1.422 94.528 78.591 1.498 94.528 78.591 2.916 95.446 78.645 2.916
Q 94.528 78.591 1.498 93.609 78.536 1.574 93.609 78.536 2.916 94.528 78.591 2.916
Q 93.609 78.536 1.574 92.691 78.482 1.651 92.691 78.482 2.916 93.609 78.536 2.916
Q 92.691 78.482 1.651 91.772 78.427 1.727 91.772 78.427 2.916 92.691 78.482 2.916
Q 149.120 81.837 -3.044 148.233 81.784 -2.970 148.233 81.784 -1.822 149.120 81.837 -1.822
Q 148.233 81.784 -2.970 147.345 81.731 -2.896 147.345 81.731 -1.822 148.233 81.784 -1.822
Q 147.345 81.731 -2.896 146.458 81.679 -2.822 146.458 81.679 -1.822 147.345 81.731 -1.822
Q 146.458 81.679 -2.822 145.571 81.626 -2.748 145.571 81.626 -1.822 146.458 81.679 -1.822
Q 145.571 81.626 -2.748 144.683 81.573 -2.675 144.683 81.573 -1.822 145.571 81.626 -1.822
Q 144.683 81.573 -2.675 143.796 81.520 -2.601 143.796 81.520 -1.822 144.683 81.573 -1.822
Q 143.796 81.520 -2.601 142.909 81.468 -2.527 142.909 81.468 -1.822 143.796 81.520 -1.822
Q 142.909 81.468 -2.527 142.021 81.415 -2.453 142.021 81.415 -1.822 142.909 81.468 -1.822
Q 142.021 81.415 -2.453 141.134 81.362 -2.379 141.134 81.362 -1.822 142.021 81.415 -1.822
Q 141.134 81.362 -2.379 140.247 81.309 -2.305 140.247 81.309 -1.822 141.134 81.362 -1.822
Q 140.247 81.309 -2.305 139.359 81.257 -2.232 139.359 81.257 -1.822 140.247 81.309 -1.822
Q 139.359 81.257 -2.232 138.472 81.204 -2.158 138.472 81.204 -1.822 139.359 81.257 -1.822
Q 138.472 81.204 -2.158 137.585 81.151 -2.084 137.585 81.151 -1.822 138.472 81.204 -1.822
Q 137.585 81.151 -2.084 136.697 81.099 -2.010 136.697 81.099 -1.822 137.585 81.151 -1.822
Q 136.697 81.099 -2.010 135.810 81.046 -1.936 135.810 81.046 -1.822 136.697 81.099 -1.822
Q 135.810 81.046 -1.936 134.923 80.993 -1.862 134.923 80.993 -1.822 135.810 81.046 -1.822
Q 134.923 80.993 -1.862 134.035 80.941 -1.822 134.035 80.941 -1.789 134.923 80.993 -1.822
Q 134.035 80.941 -1.822 133.148 80.888 -1.822 133.148 80.888 -1.715 134.035 80.941 -1.789
Q 91.772 78.427 1.727 90.876 78.374 1.802 90.876 78.374 2.916 91.772 78.427 2.916
Q 90.876 78.374 1.802 89.981 78.321 1.876 89.981 78.321 2.916 90.876 78.374 2.916
Q 89.981 78.321 1.876 89.085 78.267 1.951 89.085 78.267 2.916 89.981 78.321 2.916
Q 89.085 78.267 1.951 88.190 78.214 2.025 88.190 78.214 2.916 89.085 78.267 2.916
Q 88.190 78.214 2.025 87.294 78.161 2.100 87.294 78.161 2.916 88.190 78.214 2.916
Q 87.294 78.161 2.100 86.399 78.108 2.174 86.399 78.108 2.916 87.294 78.161 2.916
Q 86.399 78.108 2.174 85.503 78.054 2.249 85.503 78.054 2.916 86.399 78.108 2.916
Q 85.503 78.054 2.249 84.608 78.001 2.323 84.608 78.001 2.916 85.503 78.054 2.916
Q 84.608 78.001 2.323 83.712 77.948 2.398 83.712 77.948 2.916 84.608 78.001 2.916
Q 37.316 80.874 6.416 37.497 79.987 6.416 37.497 79.987 7.178 37.316 80.874 7.178
Q 37.497 79.987 6.416 37.679 79.100 6.416 37.679 79.100 7.178 37.497 79.987 7.178
Q 37.679 79.100 6.416 37.861 78.213 6.416 37.861 78.213 7.178 37.679 79.100 7.178
Q 37.861 78.213 6.416 38.042 77.325 6.416 38.042 77.325 7.178 37.861 78.213 7.178
Q 38.042 77.325 6.416 38.224 76.438 6.416 38.224 76.438 7.178 38.042 77.325 7.178
Q 38.224 76.438 6.416 38.259 75.843 6.416 38.259 75.843 7.178 38.224 76.438 7.178
Q 38.259 75.843 6.416 38.295 75.247 6.416 38.295 75.247 7.178 38.259 75.843 7.178
Q 38.224 76.438 6.416 38.345 75.848 6.416 38.345 75.848 7.178 38.224 76.438 7.178
Q 38.345 75.848 6.416 38.466 75.257 6.416 38.466 75.257 7.178 38.345 75.848 7.178
Q 44.346 75.606 5.789 44.470 76.561 5.789 44.470 76.561 6.416 44.346 75.606 6.416
Q 44.470 76.561 5.789 44.593 77.516 5.789 44.593 77.516 6.416 44.470 76.561 6.416
Q 44.593 77.516 5.789 44.717 78.471 5.789 44.717 78.471 6.416 44.593 77.516 6.416
Q 44.717 78.471 5.789 44.841 79.426 5.789 44.841 79.426 6.416 44.717 78.471 6.416
Q 44.841 79.426 5.789 44.964 80.381 5.789 44.964 80.381 6.416 44.841 79.426 6.416
Q 44.964 80.381 5.789 45.088 81.336 5.789 45.088 81.336 6.416 44.964 80.381 6.416
