Q 38.023 55.517 4.703 37.392 56.288 4.740 37.392 56.288 5.187 38.023 55.517 5.230
Q 37.392 56.288 4.740 36.760 57.058 4.777 36.760 57.058 5.144 37.392 56.288 5.187
Q 36.760 57.058 4.777 36.129 57.829 4.814 36.129 57.829 5.101 36.760 57.058 5.144
Q 36.129 57.829 4.814 35.497 58.600 4.851 35.497 58.600 5.058 36.129 57.829 5.101
Q 52.050 29.809 3.608 51.599 28.978 3.623 51.599 28.978 4.180 52.050 29.809 4.123
Q 51.599 28.978 3.623 51.147 28.146 3.637 51.147 28.146 4.237 51.599 28.978 4.180
Q 51.147 28.146 3.637 50.696 27.315 3.651 50.696 27.315 4.294 51.147 28.146 4.237
Q 50.696 27.315 3.651 50.244 26.483 3.666 50.244 26.483 4.351 50.696 27.315 4.294
Q 50.244 26.483 3.666 49.793 25.652 3.680 49.793 25.652 4.408 50.244 26.483 4.351
Q 49.793 25.652 3.680 49.602 26.588 3.758 49.602 26.588 4.404 49.793 25.652 4.408
Q 49.602 26.588 3.758 49.410 27.524 3.836 49.410 27.524 4.399 49.602 26.588 4.404
Q 49.410 27.524 3.836 49.218 28.460 3.914 49.218 28.460 4.395 49.410 27.524 4.399
Q 49.218 28.460 3.914 49.027 29.396 3.992 49.027 29.396 4.390 49.218 28.460 4.395
Q 49.027 29.396 3.992 48.836 30.332 4.071 48.836 30.332 4.386 49.027 29.396 4.390
Q 27.042 68.205 5.245 26.377 68.873 5.321 26.377 68.873 6.072 27.042 68.205 6.015
Q 26.377 68.873 5.321 25.713 69.542 5.398 25.713 69.542 6.129 26.377 68.873 6.072
Q 25.713 69.542 5.398 25.049 70.211 5.474 25.049 70.211 6.187 25.713 69.542 6.129
Q 25.049 70.211 5.474 24.384 70.879 5.551 24.384 70.879 6.244 25.049 70.211 6.187
Q 24.384 70.879 5.551 23.720 71.548 5.627 23.720 71.548 6.301 24.384 70.879 6.244
Q 23.720 71.548 5.627 23.056 72.216 5.704 23.056 72.216 6.358 23.720 71.548 6.301
Q 23.056 72.216 5.704 22.392 72.885 5.780 22.392 72.885 6.415 23.056 72.216 6.358
Q 22.392 72.885 5.780 21.727 73.553 5.857 21.727 73.553 6.472 22.392 72.885 6.415
Q 98.930 76.383 0.244 98.930 75.415 0.126 98.930 75.415 2.170 98.930 76.383 2.170
Q 17.594 77.775 7.160 16.947 78.484 7.398 16.947 78.484 8.366 17.594 77.775 8.290
Q 16.947 78.484 7.398 16.301 79.192 7.636 16.301 79.192 8.442 16.947 78.484 8.366
Q 16.301 79.192 7.636 15.654 79.901 7.875 15.654 79.901 8.518 16.301 79.192 8.442
Q 15.654 79.901 7.875 15.008 80.610 8.113 15.008 80.610 8.594 15.654 79.901 8.518
Q 15.008 80.610 8.113 14.361 81.319 8.351 14.361 81.319 8.671 15.008 80.610 8.594
Q 14.361 81.319 8.351 13.715 82.028 8.589 13.715 82.028 8.747 14.361 81.319 8.671
Q 13.069 82.737 8.773 12.422 83.446 8.849 12.422 83.446 9.116 13.069 82.737 8.877
Q 100.534 75.943 0.021 99.999 76.412 0.135 99.999 76.412 1.012 100.534 75.943 0.908
Q 99.949 75.966 0.086 99.440 76.396 0.192 99.440 76.396 1.044 99.949 75.966 0.959
Q 99.660 76.020 0.123 99.295 76.423 0.211 99.295 76.423 1.055 99.660 76.020 0.985
