18.990 85.255 8.3763
19.150 84.950 8.3536
19.385 84.505 7.1579
19.565 84.160 7.1579
19.745 83.815 7.1579
19.925 83.470 7.1579
20.105 83.125 7.1579
20.285 82.775 7.1579
20.460 82.430 8.1670
20.640 82.085 8.1414
20.820 81.740 8.1158
21.000 81.395 7.1579
21.180 81.045 8.0644
21.385 80.660 7.1579
21.585 80.270 7.1579
21.785 79.880 7.9782
21.990 79.495 7.1579
22.195 79.105 7.1579
22.395 78.715 7.1579
22.595 78.325 7.8629
22.795 77.935 7.8342
23.000 77.545 7.8052
23.205 77.155 7.1579
23.395 76.790 7.1579
23.585 76.425 7.1579
23.775 76.055 7.1579
23.965 75.690 7.1579
24.155 75.325 7.1579
24.345 74.955 7.6135
24.535 74.590 7.5864
30.155 77.275 7.1579
30.185 76.805 7.1579
30.220 76.325 7.1579
30.255 75.855 7.1579
30.285 75.380 7.1579
30.320 74.905 7.1579
38.025 80.170 6.4158
38.055 79.670 6.4158
38.085 79.170 6.4158
38.115 78.670 6.4158
38.145 78.175 6.4158
38.175 77.675 6.4158
38.200 77.175 6.4158
38.230 76.675 6.4158
38.260 76.175 7.1779
38.290 75.675 7.1779
46.155 78.005 5.7691
46.180 77.505 5.7491
46.205 77.005 5.7291
46.225 76.505 5.7091
46.255 76.005 5.6891
51.520 87.245 5.7691
51.955 87.275 5.7691
52.395 87.300 5.7691
52.835 87.325 5.7691
53.270 87.355 5.7691
53.705 87.385 5.7691
54.145 87.410 5.7691
54.740 87.445 5.7691
54.835 86.855 5.4062
54.885 86.345 5.3967
54.855 85.925 5.7491
54.885 85.430 5.7491
54.915 84.930 5.7491
54.950 84.430 5.7491
54.980 83.935 5.7491
55.010 83.435 5.7491
55.045 82.935 5.7491
55.075 82.435 5.7491
55.105 81.935 5.7491
55.135 81.435 5.7491
55.165 80.935 5.7491
55.195 80.515 5.7491
55.215 80.095 5.7491
55.245 79.675 5.7491
55.270 79.255 5.7491
55.295 78.830 5.7491
55.325 78.410 5.7491
55.350 77.990 5.7491
55.375 77.565 5.7491
55.400 77.145 5.7491
55.425 76.725 5.7491
65.955 87.845 4.4735
66.420 87.845 4.4340
66.885 87.845 4.3946
67.355 87.845 4.3548
67.825 87.845 4.3150
68.290 87.845 4.2755
68.760 87.845 4.2357
69.225 87.845 2.8959
66.010 87.385 2.8959
66.035 86.885 5.7691
66.065 86.385 5.7691
66.095 85.885 5.7691
66.125 85.385 5.7691
66.155 84.890 5.7691
66.185 84.390 5.7691
66.215 83.890 5.7691
66.245 83.390 5.7691
66.275 82.895 5.7691
66.305 82.395 5.7691
66.335 81.895 5.7691
66.365 81.395 5.7691
66.390 80.895 5.7691
66.420 80.395 5.7691
66.450 79.895 5.7691
66.480 79.395 5.7691
66.510 78.900 5.7691
66.535 78.400 5.7691
66.565 77.900 5.7691
66.595 77.405 5.7691
66.625 76.905 2.1719
96.590 89.335 2.8959
97.040 89.225 2.8959
97.495 89.110 2.8959
97.945 88.995 2.8959
98.395 88.885 2.8959
98.845 88.775 2.8959
99.295 88.660 2.8959
99.750 88.545 2.8959
100.200 88.435 2.8959
100.465 88.375 1.5644
100.495 87.975 2.8759
100.530 87.565 1.5146
100.550 87.095 1.4988
100.575 86.625 1.4826
100.595 86.155 1.4668
100.615 85.685 1.4510
100.640 85.215 1.4348
100.660 84.740 1.4188
100.685 84.270 1.4026
100.705 83.795 1.3867
100.725 83.325 1.3709
100.745 82.855 1.3551
100.770 82.385 1.3389
100.795 81.915 1.3226
100.815 81.445 1.3069
100.835 80.970 2.8759
100.855 80.500 2.8759
100.880 80.030 2.8759
100.900 79.555 2.8759
100.925 79.085 2.8759
126.930 91.225 -1.8818
126.445 91.095 -1.8818
125.965 90.975 -0.5589
125.480 90.845 -1.8818
124.995 90.725 -0.4842
124.510 90.595 -1.8818
124.025 90.475 -0.4094
123.545 90.345 -1.8818
123.060 90.220 -0.3353
123.195 89.920 -0.3557
123.275 89.475 -1.8818
123.325 88.895 -1.8818
123.375 88.310 -1.8818
123.425 87.725 -1.8818
123.470 87.145 -1.8818
123.520 86.560 -1.8818
123.565 85.975 -0.5054
123.615 85.395 -1.8818
123.665 84.810 -1.8818
123.715 84.225 -1.8818
123.765 83.645 -1.8818
123.850 82.545 -1.8818
123.800 83.125 -1.8818
123.995 80.795 -1.8818
123.945 81.375 -1.8818
123.900 81.960 -1.8818
154.365 92.925 -1.8818
154.875 92.955 -1.8818
155.385 92.985 -1.8818
155.895 93.015 -1.8818
156.405 93.045 -1.8818
134.200 78.005 -1.9507
134.255 77.505 -1.9104
134.280 77.120 -1.9241
134.305 76.735 -1.9377
134.325 76.345 -1.9511
134.350 75.960 -1.9648
134.375 75.575 -1.9785
134.395 75.185 -1.9919
134.420 74.795 -2.0057
134.445 74.410 -2.0194
134.465 74.025 -2.0326
134.490 73.635 -2.0465
134.515 73.250 -2.0601
134.535 72.865 -2.0734
134.560 72.475 -2.0872
134.585 72.090 -2.1009
134.605 71.705 -2.1141
134.630 71.315 -2.1280
134.655 70.930 -2.1416
134.675 70.545 -2.1549
134.700 70.155 -2.1687
134.725 69.770 -2.1824
134.745 69.385 -2.1956
134.770 68.995 -2.2095
134.795 68.610 -2.2231
134.815 68.225 -2.2364
134.840 67.835 -2.2502
134.860 67.435 -2.2939
134.885 67.015 -3.8181
125.535 68.945 -0.6771
125.565 68.445 -0.6771
125.595 67.950 -0.6771
125.625 67.450 -0.6771
125.655 66.950 -0.6771
125.685 66.455 -3.0386
117.450 70.900 -0.6771
117.480 70.405 -0.6771
117.510 69.905 -0.6771
117.540 69.405 -0.6771
117.570 68.905 -0.6771
117.600 68.405 -0.6771
117.630 67.905 -0.6771
117.660 67.405 -0.6771
117.685 66.905 -0.6771
117.715 66.410 -0.6771
109.570 67.685 -0.6371
109.600 67.145 -0.6371
109.635 66.605 -0.6371
109.665 66.070 -0.6371
109.695 65.530 -0.6371
100.325 75.900 2.1598
100.355 75.400 2.1598
100.385 74.905 2.1598
100.415 74.405 2.1598
100.445 73.905 2.1598
100.475 73.405 2.1598
100.505 72.905 2.1598
100.535 72.405 2.1598
100.565 71.905 2.1598
100.595 71.405 2.1598
100.625 70.910 2.1598
100.655 70.410 2.1598
100.685 69.910 2.1598
100.715 69.415 2.1598
100.745 68.915 2.1598
100.775 68.415 2.1598
100.805 67.915 2.1598
100.835 67.415 2.1598
100.865 66.915 2.1598
100.895 66.415 2.1598
100.925 65.915 2.1598
100.955 65.420 2.1598
100.985 64.920 -0.8516
100.745 75.960 0.8613
101.160 75.985 0.8268
101.570 76.010 0.8129
101.985 76.035 0.7972
102.395 76.055 0.7757
102.805 76.085 0.7490
103.215 76.105 -0.6571
99.925 75.900 2.1598
99.500 75.875 2.1598
99.070 75.850 2.1598
98.645 75.825 2.1598
98.215 75.800 2.1598
97.785 75.775 2.1598
97.360 75.745 2.1598
133.805 77.925 -1.8596
133.305 77.895 -1.8180
132.805 77.865 -1.7764
132.305 77.835 -0.6271
131.805 77.805 -0.6271
131.305 77.775 -0.6271
130.805 77.745 -0.6271
130.310 77.715 -0.6271
92.205 65.435 2.1598
92.115 66.930 2.1598
92.175 65.930 2.1598
92.235 64.935 2.1598
92.145 66.430 2.1598
92.265 64.435 -0.0949
84.060 67.665 2.1598
84.150 66.165 2.1598
83.970 69.160 2.1598
84.090 67.165 2.1598
84.030 68.165 2.1598
84.000 68.665 2.1598
84.120 66.665 2.1598
84.195 65.665 2.1498
84.225 65.165 2.1498
84.225 64.665 2.1498
84.255 64.225 2.1498
76.205 65.060 2.1498
76.295 63.565 2.1498
76.235 64.565 2.1498
76.175 65.560 2.1498
76.145 66.060 2.1498
76.265 64.065 2.1498
66.880 73.915 3.3133
66.905 73.465 3.3133
66.935 73.020 3.3133
66.960 72.575 3.3133
66.985 72.125 3.3133
67.015 71.675 3.3133
67.040 71.230 3.3133
67.065 70.785 3.3133
67.095 70.335 3.3133
67.125 69.890 3.3133
67.150 69.445 3.3133
67.175 68.995 3.3133
67.205 68.550 3.3133
67.230 68.105 3.3133
67.255 67.655 3.3133
67.285 67.205 3.3133
67.305 66.795 3.3133
67.335 66.385 3.3133
67.355 65.975 3.3133
67.385 65.560 3.3133
67.405 65.145 3.3133
67.430 64.735 3.3133
67.455 64.325 3.3133
67.480 63.910 3.3133
67.505 63.500 3.3133
67.530 63.085 3.3133
58.685 63.665 3.3033
58.610 64.900 3.3033
58.735 62.840 3.3033
58.660 64.075 3.3033
58.710 63.250 3.3033
58.635 64.485 3.3033
42.640 63.910 3.2933
42.690 63.085 3.2933
42.740 62.260 3.2933
42.665 63.495 3.2933
42.715 62.675 3.2933
42.765 61.850 3.2933
50.460 67.185 3.2833
50.490 66.685 3.2833
50.520 66.185 3.2833
50.550 65.685 3.2833
50.580 65.185 3.2833
50.610 64.685 3.2833
50.640 64.185 3.2833
50.675 63.690 3.2833
50.705 63.190 3.2833
50.735 62.690 3.2833
50.765 62.195 3.2833
30.565 71.720 5.0506
30.905 71.160 5.0049
31.245 70.600 4.9592
31.590 70.040 4.9131
31.930 69.480 4.8674
32.270 68.920 4.8217
32.615 68.360 4.7756
32.955 67.805 4.7301
33.295 67.245 4.6844
33.635 66.685 4.6387
33.975 66.125 4.5930
34.315 65.565 4.5473
34.655 65.005 4.5016
35.000 64.445 4.4555
35.340 63.885 4.4098
35.680 63.325 4.3641
36.025 62.765 4.3180
36.365 62.205 4.2723
36.705 61.645 4.2266
37.045 61.085 4.6633
37.385 60.525 4.6467
30.905 71.790 3.2833
31.225 71.805 3.2833
31.540 71.825 3.2833
31.860 71.845 3.2833
32.175 71.865 3.2833
32.495 71.885 3.2833
32.815 71.905 3.2833
33.130 71.920 3.2833
33.450 71.940 3.2833
33.765 71.960 3.2833
34.085 71.975 3.2833
34.550 72.025 4.6711
35.015 72.055 4.6025
35.465 72.080 4.5650
35.890 72.105 3.2033
66.585 73.915 3.3133
66.245 73.895 3.3133
65.905 73.875 3.3133
65.570 73.855 3.3133
65.235 73.835 3.3133
64.895 73.815 3.3133
64.555 73.795 3.3133
64.220 73.775 3.3133
67.425 73.945 2.1498
67.975 73.975 2.1498
68.525 74.010 2.1498
69.075 74.045 2.1498
69.625 74.075 2.1498
44.670 58.540 4.0674
44.700 58.045 4.0758
44.730 57.545 4.0914
44.760 57.045 4.0914
44.790 56.545 4.0914
44.820 56.045 4.0914
44.850 55.545 4.0914
44.880 55.045 4.0914
44.910 54.550 4.0914
44.940 54.050 4.0914
44.970 53.550 4.0914
45.000 53.050 4.0914
45.030 52.555 4.0914
45.060 52.055 4.0914
45.090 51.555 4.0914
51.835 42.775 3.9732
52.305 42.805 3.8229
52.775 42.835 3.7821
53.245 42.865 3.7412
53.715 42.895 3.7003
54.185 42.925 3.6594
54.655 42.955 3.6186
55.120 42.980 3.5782
55.590 43.010 3.5374
56.060 43.040 3.4965
56.530 43.070 3.4556
57.000 43.095 3.4149
57.470 43.125 3.3740
57.940 43.155 3.3331
58.410 43.185 3.2922
58.880 43.215 3.2514
59.350 43.245 3.2101
54.400 43.285 3.9432
54.395 43.700 3.9432
54.385 44.115 3.9432
54.375 44.525 3.9432
54.370 44.940 3.9432
54.365 45.355 3.9532
54.355 45.765 3.9532
54.350 46.180 3.9532
54.345 46.595 3.9532
54.335 47.005 3.9532
54.325 47.415 3.9532
54.320 47.830 3.9532
54.315 48.245 3.9532
54.305 48.655 3.9532
54.300 49.070 3.9532
54.295 49.485 3.9632
54.260 49.910 3.9232
59.830 43.625 3.1601
59.820 44.045 3.1601
59.815 44.470 3.1601
59.805 44.895 3.1601
59.795 45.320 3.1601
59.785 45.745 3.1601
59.775 46.165 3.1601
59.765 46.595 3.1601
59.755 47.015 3.1601
59.750 47.440 3.1601
59.740 47.865 3.1601
59.730 48.285 3.1601
59.725 48.715 2.8876
59.715 49.135 2.8876
59.705 49.560 2.8876
59.695 49.985 2.8876
64.740 45.055 3.1601
64.740 45.470 3.1601
64.740 45.885 3.1601
64.740 46.300 3.1601
64.740 46.715 3.1601
64.740 47.130 3.1601
64.740 47.545 3.1601
64.740 47.960 3.1601
64.740 48.375 3.1601
64.740 48.790 2.8876
64.740 49.205 2.8876
64.740 49.680 2.8876
64.740 50.095 2.8876
72.250 59.635 2.8876
72.745 59.665 1.6507
73.245 59.700 1.6072
73.745 59.735 1.5636
74.245 59.765 1.5202
74.745 59.795 1.4768
75.245 59.830 1.4332
75.645 59.830 1.3990
75.675 59.380 1.4064
75.705 58.935 1.4137
75.735 58.485 1.4211
75.765 58.035 1.4285
75.795 57.585 1.4359
75.825 57.135 1.4433
75.855 56.690 1.4506
75.880 56.240 1.4584
75.910 55.790 1.4658
75.940 55.345 1.4731
75.970 54.895 1.4805
86.605 60.730 0.7676
86.170 60.705 0.4792
85.740 60.680 0.5166
85.310 60.655 0.5539
84.875 60.625 0.7676
84.445 60.605 0.6290
84.195 60.585 0.7676
84.215 60.165 0.6584
84.245 59.750 0.7676
84.265 59.335 0.6725
84.295 58.925 0.7676
84.315 58.510 0.6865
84.345 58.095 0.7676
84.365 57.685 0.7005
84.395 57.270 0.7676
84.415 56.855 0.7147
84.445 56.445 0.7676
84.465 56.030 0.7287
84.495 55.615 0.7676
112.615 62.615 -1.8154
113.115 62.615 -1.9995
113.615 62.615 -1.9995
114.115 62.615 -1.9995
114.615 62.615 -1.9995
115.115 62.615 -1.9995
