107.685 92.505 4.0856
60.740 40.710 3.2001
47.030 40.525 4.3147
59.675 92.100 5.1534
64.525 92.510 4.7546
122.095 93.705 1.7266
141.300 95.420 -0.4439
98.135 92.125 4.3143
69.275 92.930 4.3646
26.140 88.925 7.9004
40.500 90.680 6.7360
150.765 95.825 0.0808
155.500 96.025 -1.1193
50.025 91.940 5.9665
32.300 62.905 4.6887
54.325 33.460 3.8472
64.130 44.150 3.2001
131.705 94.505 1.3231
74.935 53.810 0.7677
35.720 89.990 7.1204
112.485 92.905 3.6701
29.105 66.435 5.0661
45.285 45.250 4.3593
50.490 32.625 4.1938
126.895 94.105 0.8741
79.235 93.225 3.7760
78.855 54.570 1.2809
136.500 94.965 1.6832
106.985 56.650 -0.9397
87.610 50.470 0.8076
42.775 49.615 4.5026
92.400 47.545 0.0151
97.580 43.985 -0.3630
132.555 65.205 -3.2814
67.560 47.580 3.2001
93.390 91.990 4.5281
21.400 88.405 8.2366
54.845 92.090 5.5624
117.300 93.375 2.9418
19.585 76.090 8.0709
146.035 95.620 0.3941
101.630 54.265 -0.6607
16.560 87.860 8.9654
30.930 89.460 7.5105
83.385 52.810 0.9324
127.980 61.995 -3.0861
12.660 86.700 9.2680
123.765 59.145 -2.6624
102.870 92.340 4.1432
118.935 55.660 -2.1720
57.505 37.100 3.4945
74.075 93.375 3.9711
45.255 91.465 6.3565
88.640 92.065 4.8320
12.620 86.630 9.2556
83.905 92.540 4.4185
39.840 53.700 4.6379
71.145 50.815 2.9276
47.995 35.790 4.4893
137.145 68.825 -2.4164
141.445 71.790 -4.3195
156.295 93.730 -2.9944
102.410 43.545 -0.4898
114.440 52.185 -1.7604
102.280 57.305 -0.6153
110.520 49.365 -1.3126
146.035 74.330 -3.0067
107.100 57.595 -1.2524
158.175 88.835 -3.2931
106.670 46.605 -0.9221
160.040 81.175 -3.9914
161.100 84.485 -1.8218
155.495 78.720 -3.6789
150.765 76.530 -3.3426
