COUNTS Sketchup::ComponentInstance=587 Sketchup::Group=25 Sketchup::Face=47 Sketchup::Edge=579
F Layer0 [Grass Dark Green] 46.102,78.702,9.819 46.043,79.700,9.819 45.943,81.387,9.819 45.743,81.375,9.819 41.950,81.150,9.819 41.950,81.150,9.819 41.264,81.109,9.819 38.650,80.954,9.819 38.157,80.924,9.819 37.957,80.912,9.819 38.295,75.247,9.819 46.279,75.721,9.819
F Layer0 [Grass Dark Green] 100.799,42.424,3.819 106.993,47.172,3.819 115.118,53.010,3.819 115.118,62.656,3.819 112.618,62.656,3.819 112.915,57.665,3.819 108.922,57.427,3.819 104.929,57.190,3.819 104.994,56.092,3.819 105.024,55.593,3.819 105.033,55.443,3.819 105.072,54.794,3.819 105.078,54.694,3.819 105.107,54.195,3.819 100.116,53.898,3.819
F Layer0 [Grass Dark Green] 83.936,69.641,5.819 84.299,63.975,5.819 92.261,64.456,5.819 92.082,67.431,5.819 92.082,67.431,5.819 92.081,67.451,5.819 91.922,70.116,5.819 87.929,69.879,5.819 87.929,69.879,5.819 83.936,69.641,5.819
F Layer0 [Grass Dark Green] 125.490,69.448,5.819 125.330,72.133,5.819 125.131,72.121,5.819 121.337,71.895,5.819 121.337,71.895,5.819 117.344,71.658,5.819 117.681,65.992,5.819 125.667,66.475,5.819
F Layer0 [Grass Dark Green] 58.760,62.432,5.819 58.580,65.406,5.819 58.580,65.406,5.819 58.520,66.405,5.819 58.420,68.092,5.819 58.220,68.080,5.819 54.427,67.854,5.819 54.427,67.854,5.819 50.434,67.617,5.819 50.434,67.616,5.819 50.777,61.950,5.819
F Layer0 [Grass Dark Green] 104.056,72.727,5.819 103.869,75.865,5.819 103.853,76.140,5.819 100.321,75.930,5.819 100.980,64.983,5.819 109.696,65.510,5.819 109.518,68.498,5.819 109.319,68.486,5.819 104.525,68.201,5.819 104.360,68.191,5.819 104.326,68.189,5.819 104.326,68.189,5.819 104.326,68.189,5.819 104.325,68.192,5.819 104.127,71.529,5.819 104.127,71.529,5.819 104.098,72.027,5.819 104.062,72.627,5.819 104.062,72.627,5.819 104.056,72.727,5.819
F Layer0 [Grass Dark Green] 100.183,41.952,3.819 100.799,42.424,3.819 100.116,53.898,3.819 95.125,53.602,3.819 95.617,45.049,3.819
F Layer0 [Pavers with Grass Herringbone] 130.226,77.433,5.819 130.226,77.708,5.819 134.203,77.945,5.819 134.219,77.670,5.819 134.862,67.031,5.819 135.213,67.052,5.819 140.843,71.692,5.819 156.343,78.882,5.819 162.983,82.662,5.819 149.120,81.837,5.819 141.134,81.362,5.819 133.148,80.888,5.819 123.963,80.341,5.819 100.958,78.973,5.819 91.772,78.427,5.819 83.712,77.948,5.819 66.615,76.931,5.819 55.455,76.267,5.819 46.279,75.721,5.819 38.295,75.247,5.819 30.308,74.772,5.819 24.618,74.433,5.819 21.063,74.222,5.819 30.363,64.862,5.819 33.623,60.912,5.819 37.035,61.119,5.819 30.538,71.780,5.819 42.131,72.469,5.819 44.052,72.584,5.819 45.249,72.655,5.819 50.117,72.944,5.819 50.117,72.944,5.819 50.137,72.946,5.819 58.103,73.419,5.819 66.868,73.941,5.819 70.443,74.153,5.819 75.636,74.462,5.819 83.621,74.937,5.819 100.321,75.930,5.819 103.853,76.140,5.819 103.869,75.865,5.819 104.369,75.895,5.819 104.468,75.901,5.819 105.167,75.943,5.819 105.267,75.949,5.819 105.866,75.984,5.819 105.996,75.992,5.819 106.166,76.002,5.819 108.163,76.121,5.819 108.163,76.121,5.819 125.033,77.124,5.819 125.034,77.124,5.819 125.034,77.124,5.819 125.066,77.126,5.819 125.233,77.136,5.819 125.933,77.178,5.819 127.929,77.296,5.819 128.229,77.314,5.819
F Layer0 [Grass Dark Green] 75.951,69.166,5.819 75.951,69.166,5.819 76.060,67.330,5.819 76.110,66.481,5.819 76.110,66.481,5.819 76.291,63.491,5.819 84.299,63.975,5.819 83.936,69.641,5.819 83.936,69.641,5.819 79.943,69.404,5.819 76.949,69.225,5.819
F Layer0 [Grass Dark Green] 83.621,74.937,5.819 83.639,74.632,5.819 86.947,74.829,5.819 86.958,74.830,5.819 86.958,74.830,5.819 87.633,74.870,5.819 88.045,74.894,5.819 88.045,74.894,5.819 88.292,74.909,5.819 91.625,75.107,5.819 91.625,75.107,5.819 91.625,75.107,5.819 91.658,75.109,5.819 91.825,75.119,5.819 92.525,75.161,5.819 92.525,75.161,5.819 94.521,75.279,5.819 94.521,75.279,5.819 94.821,75.297,5.819 95.420,75.333,5.819 96.818,75.416,5.819 96.818,75.416,5.819 96.828,75.242,5.819 97.005,72.277,5.819 97.005,72.277,5.819 97.005,72.277,5.819 97.046,71.578,5.819 97.076,71.080,5.819 97.076,71.079,5.819 97.273,67.765,5.819 97.275,67.740,5.819 97.275,67.740,5.819 92.082,67.431,5.819 92.261,64.456,5.819 100.980,64.983,5.819 100.321,75.930,5.819
F Layer0 [Grass Dark Green] 70.654,70.610,5.819 70.648,70.710,5.819 70.648,70.710,5.819 70.461,73.849,5.819 70.443,74.153,5.819 66.868,73.941,5.819 67.570,62.964,5.819 76.291,63.491,5.819 76.110,66.481,5.819 74.463,66.383,5.819 72.666,66.276,5.819 72.267,66.252,5.819 71.916,66.231,5.819 70.952,66.174,5.819 70.918,66.172,5.819 70.952,66.174,5.819 70.918,66.172,5.819 70.918,66.172,5.819 70.918,66.173,5.819 70.917,66.176,5.819 70.719,69.512,5.819 70.719,69.512,5.819 70.690,70.010,5.819 70.654,70.610,5.819
F Layer0 [Grass Dark Green] 34.650,80.716,9.819 33.964,80.675,9.819 30.171,80.449,9.819 29.971,80.437,9.819 30.131,77.752,9.819 30.308,74.772,9.819 38.295,75.247,9.819 37.957,80.912,9.819 38.157,80.924,9.819 38.157,80.924,9.819 37.251,80.870,9.819 35.255,80.752,9.819
F Layer0 [Grass Dark Green] 109.359,71.183,5.819 109.359,71.183,5.819 109.359,71.183,5.819 109.468,69.346,5.819 109.518,68.505,5.819 109.518,68.498,5.819 109.696,65.510,5.819 117.681,65.992,5.819 117.344,71.658,5.819 114.643,71.497,5.819 114.037,71.461,5.819 113.352,71.420,5.819 109.558,71.195,5.819
F Layer0 [Grass Dark Green] 141.134,81.362,9.819 149.120,81.837,9.819 148.937,84.905,9.819 148.778,87.591,9.819 148.578,87.579,9.819 144.785,87.353,9.819 144.785,87.353,9.819 140.792,87.116,9.819
F Layer0 [Grass Dark Green] 91.772,78.427,9.819 91.594,81.418,9.819 91.535,82.416,9.819 91.434,84.103,9.819 91.235,84.092,9.819 87.442,83.866,9.819 87.442,83.866,9.819 83.648,83.640,9.819 83.449,83.628,9.819 83.712,77.948,9.819
F Layer0 [Grass Dark Green] 63.574,69.055,5.819 63.771,65.740,5.819 63.772,65.715,5.819 63.772,65.715,5.819 63.772,65.715,5.819 62.024,65.611,5.819 60.227,65.504,5.819 58.779,65.418,5.819 58.580,65.406,5.819 58.760,62.432,5.819 67.570,62.964,5.819 66.868,73.941,5.819 58.103,73.419,5.819 58.123,73.083,5.819 58.123,73.083,5.819 58.123,73.083,5.819 58.156,73.085,5.819 58.323,73.095,5.819 59.022,73.136,5.819 61.019,73.255,5.819 61.319,73.273,5.819 63.316,73.392,5.819 63.326,73.217,5.819 63.502,70.253,5.819 63.544,69.553,5.819
F Layer0 - 37.450,64.150,5.819 37.416,64.148,5.819 37.416,64.148,5.819
F Layer0 [Grass Dark Green] 42.131,72.469,5.819 30.538,71.780,5.819 37.035,61.119,5.819 42.789,61.467,5.819 42.608,64.456,5.819 42.408,64.445,5.819 37.615,64.160,5.819 37.450,64.150,5.819 37.416,64.148,5.819 37.416,64.148,5.819 37.415,64.148,5.819 37.415,64.148,5.819 37.415,64.151,5.819 37.217,67.487,5.819 37.187,67.986,5.819 37.152,68.586,5.819 37.152,68.586,5.819 37.146,68.685,5.819 36.959,71.824,5.819 37.458,71.854,5.819 37.558,71.860,5.819 38.257,71.901,5.819 38.357,71.907,5.819 38.956,71.943,5.819 39.256,71.961,5.819 41.252,72.079,5.819 41.252,72.079,5.819 42.151,72.133,5.819
F Layer0 - 37.416,64.148,5.819 37.450,64.150,5.819 37.615,64.160,5.819 42.408,64.445,5.819 42.608,64.456,5.819 42.558,65.305,5.819 42.448,67.142,5.819 42.648,67.154,5.819 43.447,67.201,5.819 46.441,67.379,5.819 47.127,67.420,5.819 47.732,67.456,5.819 50.434,67.617,5.819 50.434,67.616,5.819 50.434,67.617,5.819 54.427,67.854,5.819 54.427,67.854,5.819 58.220,68.080,5.819 58.420,68.092,5.819 58.520,66.405,5.819 58.580,65.406,5.819 58.580,65.406,5.819 58.779,65.418,5.819 60.227,65.504,5.819 62.024,65.611,5.819 63.772,65.715,5.819 63.772,65.715,5.819 63.772,65.715,5.819 63.771,65.740,5.819 63.574,69.055,5.819 63.544,69.553,5.819 63.502,70.253,5.819 63.326,73.217,5.819 63.316,73.392,5.819 61.319,73.273,5.819 61.019,73.255,5.819 59.022,73.136,5.819 58.323,73.095,5.819 58.156,73.085,5.819 58.123,73.083,5.819 58.123,73.083,5.819 58.123,73.083,5.819 58.103,73.419,5.819 50.137,72.946,5.819 50.117,72.944,5.819 50.117,72.944,5.819 45.249,72.655,5.819 44.052,72.584,5.819 42.131,72.469,5.819 42.151,72.133,5.819 41.252,72.079,5.819 41.252,72.079,5.819 39.256,71.961,5.819 38.956,71.943,5.819 38.357,71.907,5.819 38.257,71.901,5.819 37.558,71.860,5.819 37.458,71.854,5.819 36.959,71.824,5.819 37.146,68.685,5.819 37.152,68.586,5.819 37.152,68.586,5.819 37.187,67.986,5.819 37.217,67.487,5.819 37.415,64.151,5.819 37.415,64.148,5.819 37.415,64.148,5.819
F Layer0 - 74.463,66.383,5.819 76.110,66.481,5.819 76.110,66.481,5.819 76.060,67.330,5.819 75.951,69.166,5.819 75.951,69.166,5.819 76.949,69.225,5.819 79.943,69.404,5.819 83.936,69.641,5.819 83.936,69.641,5.819 83.936,69.641,5.819 87.929,69.879,5.819 87.929,69.879,5.819 91.922,70.116,5.819 92.081,67.451,5.819 92.082,67.431,5.819 92.082,67.431,5.819 97.275,67.740,5.819 97.275,67.740,5.819 97.273,67.765,5.819 97.076,71.079,5.819 97.076,71.080,5.819 97.046,71.578,5.819 97.005,72.277,5.819 97.005,72.277,5.819 97.005,72.277,5.819 96.828,75.242,5.819 96.818,75.416,5.819 96.818,75.416,5.819 95.420,75.333,5.819 94.821,75.297,5.819 94.521,75.279,5.819 94.521,75.279,5.819 92.525,75.161,5.819 92.525,75.161,5.819 91.825,75.119,5.819 91.658,75.109,5.819 91.625,75.107,5.819 91.625,75.107,5.819 91.625,75.107,5.819 88.292,74.909,5.819 88.045,74.894,5.819 88.045,74.894,5.819 87.633,74.870,5.819 86.958,74.830,5.819 86.958,74.830,5.819 86.947,74.829,5.819 83.639,74.632,5.819 83.621,74.937,5.819 75.636,74.462,5.819 70.443,74.153,5.819 70.461,73.849,5.819 70.648,70.710,5.819 70.648,70.710,5.819 70.654,70.610,5.819 70.654,70.610,5.819 70.690,70.010,5.819 70.719,69.512,5.819 70.719,69.512,5.819 70.917,66.176,5.819 70.918,66.173,5.819 70.918,66.172,5.819 70.918,66.172,5.819 70.952,66.174,5.819 70.918,66.172,5.819 70.952,66.174,5.819 71.916,66.231,5.819 72.267,66.252,5.819 72.666,66.276,5.819
F Layer0 [Grass Dark Green] 132.806,86.641,9.819 132.806,86.641,9.819 132.915,84.804,9.819 132.966,83.956,9.819 133.148,80.888,9.819 141.134,81.362,9.819 140.792,87.116,9.819 138.090,86.955,9.819 137.485,86.919,9.819 133.006,86.653,9.819
F Layer0 - 18.353,76.942,9.819 19.303,75.988,9.819 18.240,77.066,9.819
F Layer0 [Grass Dark Green] 125.033,77.124,5.819 108.163,76.121,5.819 108.163,76.121,5.819 106.166,76.002,5.819 105.996,75.992,5.819 105.866,75.984,5.819 105.267,75.949,5.819 105.167,75.943,5.819 104.468,75.901,5.819 104.369,75.895,5.819 103.869,75.865,5.819 104.056,72.727,5.819 104.056,72.727,5.819 104.062,72.627,5.819 104.062,72.627,5.819 104.098,72.027,5.819 104.127,71.529,5.819 104.127,71.529,5.819 104.325,68.192,5.819 104.326,68.189,5.819 104.326,68.189,5.819 104.326,68.189,5.819 104.360,68.191,5.819 104.525,68.201,5.819 109.319,68.486,5.819 109.518,68.498,5.819 109.518,68.505,5.819 109.468,69.346,5.819 109.359,71.183,5.819 109.359,71.183,5.819 109.359,71.183,5.819 109.558,71.195,5.819 113.352,71.420,5.819 114.037,71.461,5.819 114.643,71.497,5.819 117.344,71.658,5.819 121.337,71.895,5.819 121.337,71.895,5.819 125.131,72.121,5.819 125.330,72.133,5.819 125.490,69.448,5.819 125.490,69.448,5.819 125.490,69.448,5.819 125.690,69.459,5.819 130.483,69.745,5.819 130.682,69.756,5.819 130.683,69.756,5.819 130.681,69.782,5.819 130.484,73.096,5.819 130.484,73.096,5.819 130.454,73.595,5.819 130.413,74.294,5.819 130.413,74.294,5.819 130.236,77.259,5.819 130.226,77.433,5.819 130.226,77.433,5.819 128.229,77.314,5.819 127.929,77.296,5.819 125.933,77.178,5.819 125.233,77.136,5.819 125.066,77.126,5.819 125.034,77.124,5.819 125.034,77.124,5.819
F Layer0 [Grass Dark Green] 75.989,54.297,3.819 75.629,59.833,3.819 72.268,59.615,3.819 64.796,59.170,3.819 64.738,44.382,3.819 69.293,49.002,3.819 73.764,52.537,3.819
F Layer0 [Grass Dark Green] 50.777,61.950,5.819 50.434,67.616,5.819 50.434,67.617,5.819 47.732,67.456,5.819 47.127,67.420,5.819 46.441,67.379,5.819 43.447,67.201,5.819 42.648,67.154,5.819 42.448,67.142,5.819 42.558,65.305,5.819 42.608,64.456,5.819 42.789,61.467,5.819
F Layer0 - 71.428,80.219,9.819 70.430,80.159,9.819 70.430,80.159,9.819
F Layer0 [Pavers with Grass Herringbone] 49.793,25.652,3.819 52.953,31.472,3.819 48.261,33.140,3.819
F Layer0 [Grass Dark Green] 59.849,43.312,3.819 59.615,58.862,3.819 54.084,58.533,3.819 54.414,42.974,3.819
F Layer0 [Grass Dark Green] 54.414,42.974,3.819 54.084,58.533,3.819 44.695,57.975,3.819 45.085,51.527,3.819 51.390,42.787,3.819
F Layer0 [Brick_Tumbled] 162.983,82.662,9.819 149.120,81.837,9.819 141.134,81.362,9.819 133.148,80.888,9.819 123.963,80.341,9.819 100.958,78.973,9.819 91.772,78.427,9.819 83.712,77.948,9.819 66.615,76.931,9.819 55.455,76.267,9.819 46.279,75.721,9.819 38.295,75.247,9.819 30.308,74.772,9.819 24.618,74.433,9.819 21.063,74.222,9.819 21.063,74.222,5.819 24.618,74.433,5.819 30.308,74.772,5.819 38.295,75.247,5.819 46.279,75.721,5.819 55.455,76.267,5.819 66.615,76.931,5.819 83.712,77.948,5.819 91.772,78.427,5.819 100.958,78.973,5.819 123.963,80.341,5.819 133.148,80.888,5.819 141.134,81.362,5.819 149.120,81.837,5.819 162.983,82.662,5.819
F Layer0 [Pavers with Grass Herringbone] 45.615,86.900,9.819 51.293,87.238,9.819 54.768,87.454,9.819 55.277,79.273,9.819 55.455,76.267,9.819 66.615,76.931,9.819 66.437,79.924,9.819 65.970,87.836,9.819 69.974,87.836,9.819 70.160,84.697,9.819 70.166,84.597,9.819 70.166,84.597,9.819 70.202,83.998,9.819 70.204,83.998,9.819 70.233,83.499,9.819 70.231,83.499,9.819 70.430,80.163,9.819 70.430,80.159,9.819 70.430,80.159,9.819 71.428,80.219,9.819 71.779,80.240,9.819 72.179,80.263,9.819 73.975,80.370,9.819 75.423,80.456,9.819 75.622,80.468,9.819 75.572,81.317,9.819 75.463,83.153,9.819 75.662,83.165,9.819 76.461,83.213,9.819 79.456,83.391,9.819 80.141,83.432,9.819 80.747,83.468,9.819 83.249,83.617,9.819 83.449,83.628,9.819 83.648,83.640,9.819 87.442,83.866,9.819 87.442,83.866,9.819 91.235,84.092,9.819 91.434,84.103,9.819 91.535,82.416,9.819 91.594,81.418,9.819 91.794,81.430,9.819 91.794,81.430,9.819 96.587,81.715,9.819 96.587,81.715,9.819 96.787,81.727,9.819 96.588,85.067,9.819 96.558,85.565,9.819 96.517,86.265,9.819 96.517,86.265,9.819 96.340,89.229,9.819 96.330,89.403,9.819 100.483,88.366,9.819 100.780,81.968,9.819 100.958,78.973,9.819 123.963,80.341,9.819 123.785,83.336,9.819 123.208,90.260,9.819 127.317,91.323,9.819 127.816,91.353,9.819 127.916,91.359,9.819 128.615,91.400,9.819 129.614,91.460,9.819 131.610,91.578,9.819 132.509,91.632,9.819 132.509,91.632,9.819 132.709,91.644,9.819 136.090,91.845,9.819 136.090,91.845,9.819 136.502,91.869,9.819 137.188,91.910,9.819 140.495,92.107,9.819 143.802,92.304,9.819 143.814,92.304,9.819 144.900,92.369,9.819 145.148,92.384,9.819 148.481,92.582,9.819 148.481,92.582,9.819 148.514,92.584,9.819 148.680,92.594,9.819 149.380,92.635,9.819 151.377,92.754,9.819 153.673,92.891,9.819 156.748,93.073,9.819 155.893,95.962,9.819 140.613,95.482,9.819 131.333,94.602,9.819 116.693,93.382,9.819 103.003,92.242,9.819 87.053,92.212,9.819 76.373,93.712,9.819 62.463,92.432,9.819 47.843,92.022,9.819 37.633,90.332,9.819 19.113,88.272,9.819 14.293,88.002,9.819 10.483,85.572,9.819 18.240,77.066,9.819 19.303,75.988,9.819 21.063,74.222,9.819 24.618,74.433,9.819 18.985,85.271,9.819 24.452,85.619,9.819 29.644,85.929,9.819 29.674,85.429,9.819 28.775,85.375,9.819 26.779,85.256,9.819 24.482,85.120,9.819 24.674,81.881,9.819 24.739,80.783,9.819 24.938,77.443,9.819 25.138,77.455,9.819 29.931,77.740,9.819 30.131,77.752,9.819 29.971,80.437,9.819 30.171,80.449,9.819 33.964,80.675,9.819 34.650,80.716,9.819 35.255,80.752,9.819 37.251,80.870,9.819 38.157,80.924,9.819 38.157,80.924,9.819 38.650,80.954,9.819 41.264,81.109,9.819 41.950,81.150,9.819 41.950,81.150,9.819 45.743,81.375,9.819 45.943,81.387,9.819 46.043,79.700,9.819 46.102,78.702,9.819 46.302,78.714,9.819 47.750,78.800,9.819 49.546,78.907,9.819 49.946,78.931,9.819 51.095,78.999,9.819 51.295,79.011,9.819 51.096,82.351,9.819 51.067,82.849,9.819 51.025,83.549,9.819 50.838,86.687,9.819 48.541,86.551,9.819 46.545,86.432,9.819 45.646,86.378,9.819
F Layer0 - 132.766,83.944,9.819 132.966,83.956,9.819 132.915,84.804,9.819 132.806,86.641,9.819 132.806,86.641,9.819 133.006,86.653,9.819 137.485,86.919,9.819 138.090,86.955,9.819 140.792,87.116,9.819 144.785,87.353,9.819 144.785,87.353,9.819 148.578,87.579,9.819 148.778,87.591,9.819 148.937,84.905,9.819 149.137,84.917,9.819 153.919,85.202,9.819 153.930,85.202,9.819 154.130,85.214,9.819 153.931,88.554,9.819 153.902,89.052,9.819 153.860,89.752,9.819 153.860,89.752,9.819 153.684,92.717,9.819 153.673,92.891,9.819 151.377,92.754,9.819 149.380,92.635,9.819 148.680,92.594,9.819 148.514,92.584,9.819 148.481,92.582,9.819 148.481,92.582,9.819 145.148,92.384,9.819 144.900,92.369,9.819 143.814,92.304,9.819 143.802,92.304,9.819 140.495,92.107,9.819 137.188,91.910,9.819 136.502,91.869,9.819 136.090,91.845,9.819 136.090,91.845,9.819 132.709,91.644,9.819 132.509,91.632,9.819 132.509,91.632,9.819 131.610,91.578,9.819 129.614,91.460,9.819 128.615,91.400,9.819 127.916,91.359,9.819 127.816,91.353,9.819 127.317,91.323,9.819 127.503,88.184,9.819 127.509,88.085,9.819 127.509,88.085,9.819 127.545,87.485,9.819 127.575,86.987,9.819 127.773,83.650,9.819 127.773,83.647,9.819 127.773,83.647,9.819 127.973,83.659,9.819
F Layer0 [Grass Dark Green] 153.673,92.891,9.819 153.684,92.717,9.819 153.860,89.752,9.819 153.860,89.752,9.819 153.902,89.052,9.819 153.931,88.554,9.819 154.130,85.214,9.819 153.930,85.202,9.819 153.919,85.202,9.819 149.137,84.917,9.819 148.937,84.905,9.819 149.120,81.837,9.819 162.983,82.662,9.819 158.033,88.732,9.819 156.748,93.073,9.819
F Layer0 [Grass Dark Green] 127.545,87.485,9.819 127.509,88.085,9.819 127.509,88.085,9.819 127.503,88.184,9.819 127.317,91.323,9.819 123.208,90.260,9.819 123.785,83.336,9.819 123.963,80.341,9.819 133.148,80.888,9.819 132.966,83.956,9.819 132.766,83.944,9.819 127.973,83.659,9.819 127.773,83.647,9.819 127.773,83.647,9.819 127.773,83.650,9.819 127.575,86.987,9.819
F Layer0 [Grass Dark Green] 64.738,44.382,3.819 64.796,59.170,3.819 59.615,58.862,3.819 59.849,43.312,3.819 59.849,39.379,3.819 60.183,39.762,3.819
F Layer0 [Grass Dark Green] 18.985,85.271,9.819 24.618,74.433,9.819 30.308,74.772,9.819 30.131,77.752,9.819 29.931,77.740,9.819 25.138,77.455,9.819 24.938,77.443,9.819 24.739,80.783,9.819 24.674,81.881,9.819 24.482,85.120,9.819 26.779,85.256,9.819 28.775,85.375,9.819 29.674,85.429,9.819 29.644,85.929,9.819 24.452,85.619,9.819
F Layer0 [Grass Dark Green] 91.772,78.427,9.819 100.958,78.973,9.819 100.780,81.968,9.819 100.483,88.366,9.819 96.330,89.403,9.819 96.340,89.229,9.819 96.517,86.265,9.819 96.517,86.265,9.819 96.558,85.565,9.819 96.588,85.067,9.819 96.787,81.727,9.819 96.587,81.715,9.819 96.587,81.715,9.819 91.794,81.430,9.819 91.794,81.430,9.819 91.594,81.418,9.819
F Layer0 [Brick_Tumbled] 33.623,60.912,5.819 135.213,67.052,3.819 135.213,67.052,5.819 134.862,67.031,5.819
F Layer0 [Brick_Tumbled] 50.777,61.950,5.819 42.789,61.467,5.819 37.035,61.119,5.819 33.623,60.912,5.819 134.862,67.031,5.819 125.667,66.475,5.819 117.681,65.992,5.819 109.696,65.510,5.819 100.980,64.983,5.819 92.261,64.456,5.819 84.299,63.975,5.819 76.291,63.491,5.819 67.570,62.964,5.819 58.760,62.432,5.819
F Layer0 [Brick_Tumbled] 130.859,66.789,3.819 134.862,67.031,3.819 135.213,67.052,3.819 33.623,60.912,5.819 33.603,60.912,3.819 37.035,61.119,3.819 42.789,61.467,3.819 50.777,61.950,3.819 58.760,62.432,3.819 67.570,62.964,3.819 76.291,63.491,3.819 84.299,63.975,3.819 92.261,64.456,3.819 100.980,64.983,3.819 109.696,65.510,3.819 117.681,65.992,3.819 125.667,66.475,3.819
F Layer0 [Grass Dark Green] 70.160,84.697,9.819 69.974,87.836,9.819 65.970,87.836,9.819 66.437,79.924,9.819 66.615,76.931,9.819 83.712,77.948,9.819 83.449,83.628,9.819 83.249,83.617,9.819 80.747,83.468,9.819 80.141,83.432,9.819 79.456,83.391,9.819 76.461,83.213,9.819 75.662,83.165,9.819 75.463,83.153,9.819 75.572,81.317,9.819 75.622,80.468,9.819 75.423,80.456,9.819 73.975,80.370,9.819 72.179,80.263,9.819 71.779,80.240,9.819 71.428,80.219,9.819 70.430,80.159,9.819 70.430,80.159,9.819 70.430,80.159,9.819 70.430,80.163,9.819 70.231,83.499,9.819 70.233,83.499,9.819 70.204,83.998,9.819 70.202,83.998,9.819 70.166,84.597,9.819 70.166,84.597,9.819
F Layer0 [Grass Dark Green] 55.277,79.273,9.819 54.768,87.454,9.819 51.293,87.238,9.819 45.615,86.900,9.819 45.646,86.378,9.819 46.545,86.432,9.819 48.541,86.551,9.819 50.838,86.687,9.819 51.025,83.549,9.819 51.067,82.849,9.819 51.096,82.351,9.819 51.295,79.011,9.819 51.095,78.999,9.819 49.946,78.931,9.819 49.546,78.907,9.819 47.750,78.800,9.819 46.302,78.714,9.819 46.102,78.702,9.819 46.279,75.721,9.819 55.455,76.267,9.819
F Layer0 - 10.129,85.567,8.652 10.380,85.671,9.819 5.624,90.243,9.819
F Layer0 [Grass Dark Green] 134.203,77.945,5.819 130.226,77.708,5.819 130.226,77.433,5.819 130.226,77.433,5.819 130.236,77.259,5.819 130.413,74.294,5.819 130.413,74.294,5.819 130.454,73.595,5.819 130.484,73.096,5.819 130.484,73.096,5.819 130.681,69.782,5.819 130.683,69.756,5.819 130.682,69.756,5.819 130.483,69.745,5.819 125.690,69.459,5.819 125.490,69.448,5.819 125.490,69.448,5.819 125.490,69.448,5.819 125.667,66.475,5.819 134.862,67.031,5.819 134.219,77.670,5.819
F Layer0 [Pavers with Grass Herringbone] 84.191,60.587,3.819 86.687,60.735,3.819 86.961,56.121,3.819 87.959,56.181,3.819 90.954,56.359,3.819 94.947,56.597,3.819 95.012,55.498,3.819 95.042,54.999,3.819 95.051,54.849,3.819 95.089,54.200,3.819 95.095,54.101,3.819 95.125,53.602,3.819 100.116,53.898,3.819 105.107,54.195,3.819 105.078,54.694,3.819 105.072,54.794,3.819 105.033,55.443,3.819 105.024,55.593,3.819 104.994,56.092,3.819 104.929,57.190,3.819 108.922,57.427,3.819 112.915,57.665,3.819 112.618,62.656,3.819 115.118,62.656,3.819 115.118,53.010,3.819 122.373,58.222,3.819 130.843,63.442,3.819 135.213,67.052,3.819 134.862,67.031,3.819 130.859,66.789,3.819 125.667,66.475,3.819 117.681,65.992,3.819 109.696,65.510,3.819 100.980,64.983,3.819 92.261,64.456,3.819 84.299,63.975,3.819 76.291,63.491,3.819 67.570,62.964,3.819 58.760,62.432,3.819 50.777,61.950,3.819 42.789,61.467,3.819 37.035,61.119,3.819 33.603,60.912,3.819 42.443,50.122,3.819 46.363,42.412,3.819 48.261,33.140,3.819 52.953,31.472,3.819 59.849,39.379,3.819 59.849,43.312,3.819 54.414,42.974,3.819 51.390,42.787,3.819 45.085,51.527,3.819 44.695,57.975,3.819 54.084,58.533,3.819 59.615,58.862,3.819 64.796,59.170,3.819 72.268,59.615,3.819 75.629,59.833,3.819 75.989,54.297,3.819 76.649,54.819,3.819 81.096,53.771,3.819 84.724,51.759,3.819
F Layer0 [Grass Dark Green] 86.961,56.121,3.819 86.687,60.735,3.819 84.191,60.587,3.819 84.724,51.759,3.819 90.203,48.722,3.819 95.617,45.049,3.819 95.125,53.602,3.819 95.095,54.101,3.819 95.089,54.200,3.819 95.051,54.849,3.819 95.042,54.999,3.819 95.012,55.498,3.819 94.947,56.597,3.819 90.954,56.359,3.819 87.959,56.181,3.819
F Layer0 [Grass Dark Green] 86.687,60.735,3.819 84.191,60.587,3.819 84.724,51.759,3.819 90.203,48.722,3.819 95.617,45.049,3.819 95.125,53.602,3.819 95.095,54.101,3.819 95.089,54.200,3.819 95.051,54.849,3.819 95.042,54.999,3.819 95.012,55.498,3.819 94.947,56.597,3.819 90.954,56.359,3.819 87.959,56.181,3.819 86.961,56.121,3.819