G P115-B01 26.922 77.574 6.037 28.120 77.645 6.037 28.179 76.647 6.275 26.981 76.576 6.275
G P115-B02 33.351 80.651 6.037 34.549 80.722 6.037 34.768 77.039 5.943 33.570 76.968 5.943
G P115-B03 41.337 81.126 6.037 42.535 81.197 6.037 42.754 77.514 4.983 41.556 77.442 4.983
G P115-B04 48.086 78.833 6.037 49.284 78.904 6.037 49.343 77.906 4.671 48.145 77.834 4.671
G P115-B05 72.424 80.276 3.098 73.622 80.348 3.098 73.681 79.353 1.820 72.483 79.282 1.820
G P115-B06 78.876 83.340 3.098 80.073 83.412 3.098 80.291 79.746 1.802 79.094 79.675 1.802
G P115-B07 86.840 83.829 3.098 88.038 83.900 3.098 88.257 80.220 1.864 87.059 80.148 1.864
G P115-B08 93.589 81.535 3.098 94.786 81.606 3.098 94.846 80.612 1.903 93.648 80.540 1.903
G P115-B09 129.491 83.674 -1.150 130.689 83.745 -1.150 130.748 82.747 -0.655 129.550 82.675 -0.655
G P115-B10 135.920 86.751 -1.150 137.118 86.822 -1.150 137.337 83.139 -1.125 136.139 83.067 -1.125
G P115-B11 143.906 87.226 -1.150 145.104 87.297 -1.150 145.323 83.613 -1.333 144.125 83.542 -1.333
G P115-B12 150.655 84.932 -1.150 151.853 85.004 -1.150 151.912 84.005 -1.652 150.714 83.934 -1.652
G P116-B13 39.523 64.273 3.295 40.720 64.346 3.295 40.781 63.348 4.845 39.583 63.275 4.845
G P116-B14 46.748 72.664 3.295 45.551 72.593 3.295 45.487 73.669 4.539 46.684 73.740 4.539
G P116-B15 54.734 73.147 3.295 53.536 73.075 3.295 53.473 74.144 4.059 54.670 74.215 4.059
G P116-B16 60.522 65.542 3.295 61.720 65.615 3.295 61.780 64.616 2.995 60.582 64.544 2.995
G P116-B17 73.673 74.321 0.529 72.476 74.249 0.529 72.415 75.271 1.799 73.613 75.342 1.799
G P116-B18 80.180 74.714 0.529 78.983 74.642 0.529 78.922 75.658 1.753 80.120 75.729 1.753
G P116-B19 88.166 75.196 0.529 86.968 75.125 0.529 86.908 76.132 1.817 88.106 76.204 1.817
G P116-B20 94.673 75.590 0.529 93.475 75.518 0.529 93.416 76.519 1.852 94.613 76.591 1.852
G P116-B21 106.574 68.323 0.670 107.771 68.395 0.670 107.832 67.399 -0.306 106.634 67.327 -0.306
G P116-B22 113.799 76.714 0.670 112.602 76.642 0.670 112.541 77.657 0.862 113.739 77.728 0.862
G P116-B23 121.785 77.196 0.670 120.587 77.125 0.670 120.527 78.132 0.458 121.725 78.203 0.458
G P116-B24 127.573 69.592 0.670 128.771 69.664 0.670 128.831 68.668 0.339 127.633 68.596 0.339
G P117-B25 50.660 58.927 3.047 49.463 58.854 3.047 49.402 59.861 3.694 50.600 59.934 3.694
G P117-B26 57.148 59.323 3.047 55.951 59.250 3.047 55.890 60.253 3.089 57.088 60.326 3.089
G P117-B27 62.139 59.628 3.047 60.941 59.555 3.047 60.881 60.555 2.988 62.079 60.627 2.988
G P117-B28 68.626 60.024 3.047 67.429 59.951 3.047 67.368 60.947 2.208 68.566 61.019 2.208
G P117-B29 92.699 61.483 -1.307 91.502 61.411 -1.307 91.442 62.402 -0.686 92.640 62.474 -0.686
G P117-B30 99.187 61.879 -1.307 97.990 61.807 -1.307 97.930 62.794 -1.123 99.128 62.866 -1.123
G P117-B31 104.178 62.184 -1.307 102.981 62.111 -1.307 102.921 63.095 -0.781 104.119 63.168 -0.781
G P117-B32 110.666 62.580 -1.307 109.469 62.507 -1.307 109.409 63.487 -0.583 110.607 63.560 -0.583
