F [Pavers~with~Grass~Herringbone] 7.1195 37.251,80.870;35.255,80.752;34.650,80.716;33.964,80.675;30.171,80.449;29.971,80.437;30.131,77.752;29.931,77.740;25.138,77.455;24.938,77.443;24.739,80.783;24.674,81.881;24.482,85.120;26.779,85.256;28.775,85.375;29.674,85.429;29.644,85.929;24.452,85.619;18.985,85.271;24.618,74.433;21.063,74.222;19.303,75.988;18.240,77.066;10.483,85.572;14.293,88.002;19.113,88.272;35.429,90.087;37.316,80.874
F [Pavers~with~Grass~Herringbone] 5.6741 46.545,86.432;48.541,86.551;50.838,86.687;51.025,83.549;51.067,82.849;51.096,82.351;51.295,79.011;51.095,78.999;49.946,78.931;49.546,78.907;47.750,78.800;46.302,78.714;46.102,78.702;46.043,79.700;45.943,81.387;45.743,81.375;45.088,81.336;45.741,86.384
F [Pavers~with~Grass~Herringbone] 5.6741 47.843,92.022;62.463,92.432;65.631,92.724;65.977,87.836;65.970,87.836;66.437,79.924;66.615,76.931;55.455,76.267;55.277,79.273;54.768,87.454;51.293,87.238;45.809,86.912;46.441,91.790
F [Pavers~with~Grass~Herringbone] 6.3519 45.646,86.378;45.741,86.384;45.088,81.336;41.950,81.150;41.264,81.109;38.650,80.954;38.157,80.924;37.316,80.874;35.429,90.087;37.633,90.332;46.441,91.790;45.809,86.912;45.615,86.900
F [Pavers~with~Grass~Herringbone] 2.6884 76.373,93.712;87.053,92.212;103.003,92.242;111.888,92.982;112.814,79.678;100.958,78.973;100.780,81.968;100.483,88.366;96.330,89.403;96.340,89.229;96.517,86.265;96.558,85.565;96.588,85.067;96.787,81.727;96.587,81.715;91.794,81.430;91.594,81.418;91.535,82.416;91.434,84.103;91.235,84.092;87.442,83.866;83.648,83.640;83.449,83.628;83.249,83.617;80.747,83.468;80.141,83.432;79.456,83.391;76.461,83.213;75.662,83.165;75.463,83.153;75.572,81.317;75.622,80.468;75.423,80.456;73.975,80.370;72.179,80.263;71.779,80.240;71.428,80.219;70.430,80.159;70.430,80.163;70.231,83.499;70.233,83.499;70.204,83.998;70.202,83.998;70.166,84.597;70.160,84.697;69.974,87.836;65.977,87.836;65.631,92.724
F [Pavers~with~Grass~Herringbone] -2.2359 131.333,94.602;140.613,95.482;155.893,95.962;156.748,93.073;153.673,92.891;151.377,92.754;149.380,92.635;148.680,92.594;148.514,92.584;148.481,92.582;145.148,92.384;144.900,92.369;143.814,92.304;143.802,92.304;140.495,92.107;137.188,91.910;136.502,91.869;136.090,91.845;132.709,91.644;132.509,91.632;131.610,91.578;129.614,91.460;128.615,91.400;127.916,91.359;127.816,91.353;127.317,91.323;123.208,90.260;123.785,83.336;123.963,80.341;112.814,79.678;111.888,92.982;116.693,93.382
F [Pavers~with~Grass~Herringbone] 3.4760 72.268,59.615;64.796,59.170;59.615,58.862;54.084,58.533;50.179,58.301;48.488,61.812;50.777,61.950;58.760,62.432;67.570,62.964;72.527,63.264;72.318,59.618
F [Pavers~with~Grass~Herringbone] -0.2366 100.980,64.983;106.395,65.310;107.673,59.435;107.666,58.679;105.980,57.252;104.929,57.190;104.976,56.403;102.787,54.551;97.576,54.462;94.966,56.271;94.947,56.597;94.531,56.572;91.652,58.567;90.126,64.327;92.261,64.456
F [Pavers~with~Grass~Herringbone] 4.6466 44.695,57.975;45.085,51.527;48.449,46.863;45.267,44.568;42.443,50.122;33.603,60.912;37.035,61.119;42.789,61.467;48.488,61.812;50.179,58.301
F [Pavers~with~Grass~Herringbone] 4.3687 51.390,42.787;54.414,42.974;54.897,43.004;51.481,31.995;48.261,33.140;46.363,42.412;45.267,44.568;48.449,46.863
F [Pavers~with~Grass~Herringbone] 3.4985 59.849,43.312;59.849,39.379;52.953,31.472;51.481,31.995;54.897,43.004
F [Pavers~with~Grass~Herringbone] 1.1946 84.724,51.759;81.096,53.771;76.649,54.819;75.989,54.297;75.629,59.833;72.318,59.618;72.527,63.264;76.291,63.491;84.299,63.975;90.126,64.327;91.652,58.567;91.053,56.365;90.954,56.359;87.959,56.181;86.961,56.121;86.687,60.735;84.191,60.587
F [Pavers~with~Grass~Herringbone] 0.2340 95.125,53.602;95.095,54.101;95.089,54.200;95.051,54.849;95.042,54.999;95.012,55.498;94.966,56.271;97.576,54.462;97.619,53.750
F [Pavers~with~Grass~Herringbone] 0.2340 91.053,56.365;91.652,58.567;94.531,56.572
F [Pavers~with~Grass~Herringbone] -0.2209 100.116,53.898;97.619,53.750;97.576,54.462;102.787,54.551;102.812,54.058
F [Pavers~with~Grass~Herringbone] -0.7083 105.980,57.252;107.666,58.679;108.513,57.403
F [Pavers~with~Grass~Herringbone] -0.7083 104.994,56.092;105.024,55.593;105.033,55.443;105.072,54.794;105.078,54.694;105.107,54.195;102.812,54.058;102.787,54.551;104.976,56.403
F [Pavers~with~Grass~Herringbone] -1.6118 117.681,65.992;125.667,66.475;130.859,66.789;134.862,67.031;135.213,67.052;130.843,63.442;124.341,59.435;115.118,59.435;115.118,62.656;112.618,62.656;112.810,59.435;107.673,59.435;106.395,65.310;109.696,65.510
F [Pavers~with~Grass~Herringbone] -1.5985 119.332,56.038;115.118,56.038;115.118,59.435;124.341,59.435;122.373,58.222
F [Pavers~with~Grass~Herringbone] -1.5985 112.915,57.665;108.922,57.427;108.513,57.403;107.666,58.679;107.673,59.435;112.810,59.435
F [Pavers~with~Grass~Herringbone] -1.5853 115.118,53.010;115.118,56.038;119.332,56.038
F [Pavers~with~Grass~Herringbone] 3.6660 66.868,73.941;58.103,73.419;50.137,72.946;50.117,72.944;45.249,72.655;44.052,72.584;42.131,72.469;30.538,71.780;37.035,61.119;33.623,60.912;30.363,64.862;21.063,74.222;24.618,74.433;30.308,74.772;38.295,75.247;46.279,75.721;55.455,76.267;66.615,76.931;66.977,76.953;67.157,73.958
F [Pavers~with~Grass~Herringbone] 0.9290 100.321,75.930;83.621,74.937;75.636,74.462;70.443,74.153;67.157,73.958;66.977,76.953;83.712,77.948;91.772,78.427;100.560,78.949;100.713,75.953
F [Pavers~with~Grass~Herringbone] -1.8114 128.229,77.314;127.929,77.296;125.933,77.178;125.233,77.136;125.066,77.126;125.034,77.124;125.033,77.124;108.163,76.121;106.166,76.002;105.996,75.992;105.866,75.984;105.267,75.949;105.167,75.943;104.468,75.901;104.369,75.895;103.869,75.865;103.853,76.140;100.713,75.953;100.560,78.949;100.958,78.973;123.963,80.341;133.148,80.888;141.134,81.362;149.120,81.837;162.983,82.662;156.343,78.882;140.843,71.692;135.213,67.052;134.862,67.031;134.219,77.670;134.203,77.945;130.226,77.708;130.226,77.433
F - 3.6660 37.415,64.148;37.415,64.151;37.217,67.487;37.187,67.986;37.152,68.586;37.146,68.685;36.959,71.824;37.458,71.854;37.558,71.860;38.257,71.901;38.357,71.907;38.956,71.943;39.256,71.961;41.252,72.079;42.151,72.133;42.131,72.469;44.052,72.584;45.249,72.655;50.117,72.944;50.137,72.946;58.103,73.419;58.123,73.083;58.156,73.085;58.323,73.095;59.022,73.136;61.019,73.255;61.319,73.273;63.316,73.392;63.326,73.217;63.502,70.253;63.544,69.553;63.574,69.055;63.771,65.740;63.772,65.715;62.024,65.611;60.227,65.504;58.779,65.418;58.580,65.406;58.520,66.405;58.420,68.092;58.220,68.080;54.427,67.854;50.434,67.617;47.732,67.456;47.127,67.420;46.441,67.379;43.447,67.201;42.648,67.154;42.448,67.142;42.558,65.305;42.608,64.456;42.408,64.445;37.615,64.160;37.450,64.150;37.416,64.148
F - 0.9290 70.918,66.173;70.917,66.176;70.719,69.512;70.690,70.010;70.654,70.610;70.648,70.710;70.461,73.849;70.443,74.153;75.636,74.462;83.621,74.937;83.639,74.632;86.947,74.829;86.958,74.830;87.633,74.870;88.045,74.894;88.292,74.909;91.625,75.107;91.658,75.109;91.825,75.119;92.525,75.161;94.521,75.279;94.821,75.297;95.420,75.333;96.818,75.416;96.828,75.242;97.005,72.277;97.046,71.578;97.076,71.080;97.076,71.079;97.273,67.765;97.275,67.740;92.082,67.431;92.081,67.451;91.922,70.116;87.929,69.879;83.936,69.641;79.943,69.404;76.949,69.225;75.951,69.166;76.060,67.330;76.110,66.481;74.463,66.383;72.666,66.276;72.267,66.252;71.916,66.231;70.952,66.174;70.918,66.172
F [Grass~Dark~Green] -1.8114 125.034,77.124;125.066,77.126;125.233,77.136;125.933,77.178;127.929,77.296;128.229,77.314;130.226,77.433;130.236,77.259;130.413,74.294;130.454,73.595;130.484,73.096;130.681,69.782;130.683,69.756;130.682,69.756;130.483,69.745;125.690,69.459;125.490,69.448;125.330,72.133;125.131,72.121;121.337,71.895;117.344,71.658;114.643,71.497;114.037,71.461;113.352,71.420;109.558,71.195;109.359,71.183;109.468,69.346;109.518,68.505;109.518,68.498;109.319,68.486;104.525,68.201;104.360,68.191;104.326,68.189;104.325,68.192;104.127,71.529;104.098,72.027;104.062,72.627;104.056,72.727;103.869,75.865;104.369,75.895;104.468,75.901;105.167,75.943;105.267,75.949;105.866,75.984;105.996,75.992;106.166,76.002;108.163,76.121;125.033,77.124
F - -2.2359 127.973,83.659;127.773,83.647;127.773,83.650;127.575,86.987;127.545,87.485;127.509,88.085;127.503,88.184;127.317,91.323;127.816,91.353;127.916,91.359;128.615,91.400;129.614,91.460;131.610,91.578;132.509,91.632;132.709,91.644;136.090,91.845;136.502,91.869;137.188,91.910;140.495,92.107;143.802,92.304;143.814,92.304;144.900,92.369;145.148,92.384;148.481,92.582;148.514,92.584;148.680,92.594;149.380,92.635;151.377,92.754;153.673,92.891;153.684,92.717;153.860,89.752;153.902,89.052;153.931,88.554;154.130,85.214;153.930,85.202;153.919,85.202;149.137,84.917;148.937,84.905;148.778,87.591;148.578,87.579;144.785,87.353;140.792,87.116;138.090,86.955;137.485,86.919;133.006,86.653;132.806,86.641;132.915,84.804;132.966,83.956;132.766,83.944
F [Grass~Dark~Green] -0.2366 104.929,57.190;105.980,57.252;104.976,56.403
F [Grass~Dark~Green] -0.2251 100.379,49.473;103.040,49.624;103.072,49.579;103.226,46.335;100.576,46.173
F [Grass~Dark~Green] -0.2209 100.116,53.898;102.812,54.058;103.040,49.624;100.379,49.473
F [Grass~Dark~Green] -0.2306 100.576,46.173;103.226,46.335;104.145,44.989;100.799,42.424
F [Grass~Dark~Green] -0.7083 105.107,54.195;105.078,54.694;105.072,54.794;105.033,55.443;105.024,55.593;104.994,56.092;104.976,56.403;105.980,57.252;108.513,57.403;109.419,56.038;111.212,50.203;111.037,50.078;111.001,50.052;103.072,49.579;103.040,49.624;102.812,54.058
F [Grass~Dark~Green] -0.7135 106.993,47.172;104.145,44.989;103.226,46.335;103.072,49.579;111.001,50.052
F [Grass~Dark~Green] -1.6118 112.618,62.656;115.118,62.656;115.118,59.435;112.810,59.435
F [Grass~Dark~Green] -1.5985 108.922,57.427;112.915,57.665;112.810,59.435;115.118,59.435;115.118,56.038;109.419,56.038;108.513,57.403
F [Grass~Dark~Green] -1.5853 115.118,53.010;111.212,50.203;109.419,56.038;115.118,56.038
F [Grass~Dark~Green] 3.4760 54.084,58.533;54.258,50.352;53.821,50.739;50.179,58.301
F [Grass~Dark~Green] 4.6466 45.085,51.527;44.695,57.975;50.179,58.301;53.821,50.739;48.449,46.863
F [Grass~Dark~Green] 4.3687 51.390,42.787;48.449,46.863;53.821,50.739;54.258,50.352;54.414,42.974
F [Grass~Dark~Green] 3.4760 64.796,59.170;72.268,59.615;72.318,59.618;71.823,51.002;69.293,49.002;68.926,48.630;64.754,48.527
F [Grass~Dark~Green] 3.4985 64.754,48.527;68.926,48.630;64.738,44.382
F [Grass~Dark~Green] 1.1946 73.764,52.537;71.823,51.002;72.318,59.618;75.629,59.833;75.989,54.297
F [Grass~Dark~Green] 5.6741 66.437,79.924;65.970,87.836;65.977,87.836;66.748,76.939;66.615,76.931
F [Grass~Dark~Green] 2.6884 70.166,84.597;70.202,83.998;70.204,83.998;70.233,83.499;70.231,83.499;70.430,80.163;70.430,80.159;71.428,80.219;71.779,80.240;72.179,80.263;73.975,80.370;75.423,80.456;75.622,80.468;75.572,81.317;75.463,83.153;75.662,83.165;76.461,83.213;79.456,83.391;80.141,83.432;80.747,83.468;83.249,83.617;83.449,83.628;83.712,77.948;66.748,76.939;65.977,87.836;69.974,87.836;70.160,84.697
F [Grass~Dark~Green] -0.2366 94.947,56.597;94.966,56.271;94.531,56.572
F [Grass~Dark~Green] 1.1946 87.959,56.181;90.954,56.359;91.053,56.365;89.134,49.315;84.724,51.759;84.191,60.587;86.687,60.735;86.961,56.121
F [Grass~Dark~Green] 0.2340 94.531,56.572;94.966,56.271;95.012,55.498;95.042,54.999;95.051,54.849;95.089,54.200;95.095,54.101;95.125,53.602;95.380,49.175;89.946,48.865;89.134,49.315;91.053,56.365
F [Grass~Dark~Green] 0.2297 95.617,45.049;90.203,48.722;89.946,48.865;95.380,49.175
F [Grass~Dark~Green] -0.2366 94.947,56.597;94.966,56.271;94.531,56.572
F [Grass~Dark~Green] 1.1946 86.961,56.121;87.959,56.181;90.954,56.359;91.053,56.365;89.134,49.315;84.724,51.759;84.191,60.587;86.687,60.735
F [Grass~Dark~Green] 0.2340 94.531,56.572;94.966,56.271;95.012,55.498;95.042,54.999;95.051,54.849;95.089,54.200;95.095,54.101;95.125,53.602;95.380,49.175;89.946,48.865;89.134,49.315;91.053,56.365
F [Grass~Dark~Green] 0.2297 95.617,45.049;90.203,48.722;89.946,48.865;95.380,49.175
F [Grass~Dark~Green] 3.4760 59.615,58.862;64.796,59.170;64.754,48.527;59.772,48.404
F [Grass~Dark~Green] 3.4985 60.183,39.762;59.849,39.379;59.849,43.312;59.772,48.404;64.754,48.527;64.738,44.382
F [Grass~Dark~Green] 3.4760 54.084,58.533;59.615,58.862;59.772,48.404;56.548,48.324;54.258,50.352
F [Grass~Dark~Green] 4.3687 54.414,42.974;54.258,50.352;56.548,48.324;54.897,43.004
F [Grass~Dark~Green] 3.4985 54.897,43.004;56.548,48.324;59.772,48.404;59.849,43.312
F [Grass~Dark~Green] -2.2359 156.748,93.073;158.033,88.732;162.983,82.662;149.120,81.837;148.937,84.905;149.137,84.917;153.919,85.202;153.930,85.202;154.130,85.214;153.931,88.554;153.902,89.052;153.860,89.752;153.684,92.717;153.673,92.891
F [Grass~Dark~Green] 5.6741 55.455,76.267;46.279,75.721;46.102,78.702;46.302,78.714;47.750,78.800;49.546,78.907;49.946,78.931;51.095,78.999;51.295,79.011;51.096,82.351;51.067,82.849;51.025,83.549;50.838,86.687;48.541,86.551;46.545,86.432;45.741,86.384;45.809,86.912;51.293,87.238;54.768,87.454;55.277,79.273
F [Grass~Dark~Green] 6.3519 45.646,86.378;45.615,86.900;45.809,86.912;45.741,86.384
F [Grass~Dark~Green] -1.8114 134.219,77.670;134.862,67.031;125.667,66.475;125.490,69.448;125.690,69.459;130.483,69.745;130.682,69.756;130.683,69.756;130.681,69.782;130.484,73.096;130.454,73.595;130.413,74.294;130.236,77.259;130.226,77.433;130.226,77.708;134.203,77.945
F [Grass~Dark~Green] 0.9290 100.321,75.930;100.980,64.983;92.261,64.456;92.082,67.431;97.275,67.740;97.273,67.765;97.076,71.079;97.076,71.080;97.046,71.578;97.005,72.277;96.828,75.242;96.818,75.416;95.420,75.333;94.821,75.297;94.521,75.279;92.525,75.161;91.825,75.119;91.658,75.109;91.625,75.107;88.292,74.909;88.045,74.894;87.633,74.870;86.958,74.830;86.947,74.829;83.639,74.632;83.621,74.937
F [Grass~Dark~Green] -2.2359 127.575,86.987;127.773,83.650;127.773,83.647;127.973,83.659;132.766,83.944;132.966,83.956;133.148,80.888;123.963,80.341;123.785,83.336;123.208,90.260;127.317,91.323;127.503,88.184;127.509,88.085;127.545,87.485
F [Grass~Dark~Green] 3.6660 63.544,69.553;63.502,70.253;63.326,73.217;63.316,73.392;61.319,73.273;61.019,73.255;59.022,73.136;58.323,73.095;58.156,73.085;58.123,73.083;58.103,73.419;66.868,73.941;67.570,62.964;58.760,62.432;58.580,65.406;58.779,65.418;60.227,65.504;62.024,65.611;63.772,65.715;63.771,65.740;63.574,69.055
F [Grass~Dark~Green] 2.6884 91.594,81.418;91.794,81.430;96.587,81.715;96.787,81.727;96.588,85.067;96.558,85.565;96.517,86.265;96.340,89.229;96.330,89.403;100.483,88.366;100.780,81.968;100.958,78.973;91.772,78.427
F [Grass~Dark~Green] 3.6660 42.151,72.133;41.252,72.079;39.256,71.961;38.956,71.943;38.357,71.907;38.257,71.901;37.558,71.860;37.458,71.854;36.959,71.824;37.146,68.685;37.152,68.586;37.187,67.986;37.217,67.487;37.415,64.151;37.415,64.148;37.416,64.148;37.450,64.150;37.615,64.160;42.408,64.445;42.608,64.456;42.789,61.467;37.035,61.119;30.538,71.780;42.131,72.469
F [Grass~Dark~Green] 3.6660 66.868,73.941;67.157,73.958;67.817,62.979;67.570,62.964
F [Grass~Dark~Green] 0.9290 70.690,70.010;70.719,69.512;70.917,66.176;70.918,66.173;70.918,66.172;70.952,66.174;71.916,66.231;72.267,66.252;72.666,66.276;74.463,66.383;76.110,66.481;76.291,63.491;67.817,62.979;67.157,73.958;70.443,74.153;70.461,73.849;70.648,70.710;70.654,70.610
F [Grass~Dark~Green] 0.9290 100.321,75.930;100.713,75.953;101.274,65.001;100.980,64.983
F [Grass~Dark~Green] -1.8114 104.062,72.627;104.098,72.027;104.127,71.529;104.325,68.192;104.326,68.189;104.360,68.191;104.525,68.201;109.319,68.486;109.518,68.498;109.696,65.510;101.274,65.001;100.713,75.953;103.853,76.140;103.869,75.865;104.056,72.727
F [Grass~Dark~Green] 0.2340 95.125,53.602;97.619,53.750;97.885,49.331;97.877,49.317;95.380,49.175
F [Grass~Dark~Green] 0.2297 95.617,45.049;95.380,49.175;97.877,49.317;98.072,46.019;96.985,44.121
F [Grass~Dark~Green] -0.2251 100.576,46.173;98.072,46.019;97.877,49.317;97.885,49.331;100.379,49.473
F [Grass~Dark~Green] -0.2209 100.116,53.898;100.379,49.473;97.885,49.331;97.619,53.750
F [Grass~Dark~Green] -0.2306 96.985,44.121;98.072,46.019;100.576,46.173;100.799,42.424;100.183,41.952
F [Grass~Dark~Green] 7.1195 24.452,85.619;29.644,85.929;29.674,85.429;28.775,85.375;26.779,85.256;24.482,85.120;24.674,81.881;24.739,80.783;24.938,77.443;25.138,77.455;29.931,77.740;30.131,77.752;30.308,74.772;24.618,74.433;18.985,85.271
F [Grass~Dark~Green] -2.2359 140.792,87.116;144.785,87.353;148.578,87.579;148.778,87.591;148.937,84.905;149.120,81.837;141.134,81.362
F [Grass~Dark~Green] -2.2359 133.006,86.653;137.485,86.919;138.090,86.955;140.792,87.116;141.134,81.362;133.148,80.888;132.966,83.956;132.915,84.804;132.806,86.641
F [Grass~Dark~Green] 2.6884 83.712,77.948;83.449,83.628;83.648,83.640;87.442,83.866;91.235,84.092;91.434,84.103;91.535,82.416;91.594,81.418;91.772,78.427
F [Grass~Dark~Green] 0.9290 76.949,69.225;79.943,69.404;83.936,69.641;84.299,63.975;76.291,63.491;76.110,66.481;76.060,67.330;75.951,69.166
F [Grass~Dark~Green] 3.6660 42.789,61.467;42.608,64.456;42.558,65.305;42.448,67.142;42.648,67.154;43.447,67.201;46.441,67.379;47.127,67.420;47.732,67.456;50.434,67.617;50.434,67.616;50.777,61.950
F [Grass~Dark~Green] -1.8114 109.558,71.195;113.352,71.420;114.037,71.461;114.643,71.497;117.344,71.658;117.681,65.992;109.696,65.510;109.518,68.498;109.518,68.505;109.468,69.346;109.359,71.183
F [Grass~Dark~Green] 7.1195 35.255,80.752;37.251,80.870;37.316,80.874;38.224,76.438;38.295,75.247;30.308,74.772;30.131,77.752;29.971,80.437;30.171,80.449;33.964,80.675;34.650,80.716
F [Grass~Dark~Green] 6.3519 38.157,80.924;37.957,80.912;38.224,76.438;37.316,80.874
F [Grass~Dark~Green] 7.1195 38.224,76.438;38.466,75.257;38.295,75.247
F [Grass~Dark~Green] 5.6741 46.279,75.721;44.346,75.606;45.088,81.336;45.743,81.375;45.943,81.387;46.043,79.700;46.102,78.702
F [Grass~Dark~Green] 6.3519 44.181,75.596;38.466,75.257;38.224,76.438;37.957,80.912;38.157,80.924;38.650,80.954;41.264,81.109;41.950,81.150;45.088,81.336;44.346,75.606
F [Grass~Dark~Green] 3.6660 50.777,61.950;50.434,67.616;50.434,67.617;54.427,67.854;58.220,68.080;58.420,68.092;58.520,66.405;58.580,65.406;58.760,62.432
F [Grass~Dark~Green] -1.8114 125.667,66.475;117.681,65.992;117.344,71.658;121.337,71.895;125.131,72.121;125.330,72.133;125.490,69.448
F [Grass~Dark~Green] 0.9290 87.929,69.879;91.922,70.116;92.081,67.451;92.082,67.431;92.261,64.456;84.299,63.975;83.936,69.641
F [Pavers~with~Grass~Herringbone] 4.3687 51.481,31.995;49.682,26.197;48.261,33.140
F [Pavers~with~Grass~Herringbone] 3.4985 52.953,31.472;49.793,25.652;49.682,26.197;51.481,31.995
