S 1.485 98.613,86.744;101.107,86.916;101.451,81.928;98.957,81.756
S 1.360 101.107,86.916;103.601,87.088;103.945,82.099;101.451,81.928
S 1.261 103.601,87.088;106.095,87.259;106.439,82.271;103.945,82.099
S 1.136 106.095,87.259;108.590,87.431;108.933,82.443;106.439,82.271
S 1.011 108.590,87.431;111.084,87.603;111.427,82.615;108.933,82.443
S 0.886 111.084,87.603;113.578,87.775;113.921,82.787;111.427,82.615
S 0.761 113.578,87.775;116.072,87.947;116.415,82.959;113.921,82.787
S 0.636 116.072,87.947;118.566,88.119;118.909,83.130;116.415,82.959
S 0.511 118.566,88.119;121.060,88.290;121.404,83.302;118.909,83.130
S 0.386 121.060,88.290;123.554,88.462;123.898,83.474;121.404,83.302
S 4.342 61.631,81.827;66.622,82.124;66.474,84.620;61.483,84.323
S 4.342 61.779,79.332;66.771,79.628;66.622,82.124;61.631,81.827
S 4.342 61.928,76.836;66.919,77.133;66.771,79.628;61.779,79.332
