W istinat 14.290 88.000 15.254 88.054 6.037 6.037 10.269 10.094
W istinat 15.254 88.054 16.218 88.108 6.037 6.037 10.094 9.875
W istinat 16.218 88.108 17.182 88.162 6.037 6.037 9.875 9.654
W istinat 17.182 88.162 18.146 88.216 6.037 6.037 9.654 9.422
W istinat 18.146 88.216 19.110 88.270 6.037 6.037 9.422 9.291
W istinat 19.110 88.270 20.085 88.378 6.037 6.037 9.291 9.229
W istinat 20.085 88.378 21.059 88.487 6.037 6.037 9.229 9.200
W istinat 21.059 88.487 22.034 88.595 6.037 6.037 9.200 9.164
W istinat 22.034 88.595 23.009 88.704 6.037 6.037 9.164 9.119
W istinat 23.009 88.704 23.984 88.812 6.037 6.037 9.119 9.077
W istinat 23.984 88.812 24.958 88.921 6.037 6.037 9.077 9.022
W istinat 24.958 88.921 25.933 89.029 6.037 6.037 9.022 8.956
W istinat 25.933 89.029 26.908 89.137 6.037 6.037 8.956 8.850
W istinat 26.908 89.137 27.883 89.246 6.037 6.037 8.850 8.739
W istinat 27.883 89.246 28.857 89.354 6.037 6.037 8.739 8.615
W istinat 28.857 89.354 29.832 89.463 6.037 6.037 8.615 8.496
W istinat 29.832 89.463 30.807 89.571 6.037 6.037 8.496 8.373
W istinat 30.807 89.571 31.782 89.679 6.037 6.037 8.373 8.221
W istinat 31.782 89.679 32.756 89.788 6.037 6.037 8.221 8.050
W istinat 32.756 89.788 33.731 89.896 6.037 6.037 8.050 7.874
W istinat 33.731 89.896 34.706 90.005 6.037 6.037 7.874 7.705
W istinat 34.706 90.005 35.681 90.113 6.037 6.037 7.705 7.540
W istinat 35.681 90.113 36.655 90.222 6.037 6.037 7.540 7.387
W istinat 36.655 90.222 37.630 90.330 6.037 6.037 7.387 7.222
W istinat 37.630 90.330 38.651 90.499 6.037 6.037 7.222 7.054
W istinat 38.651 90.499 39.672 90.668 6.037 6.037 7.054 6.929
W istinat 39.672 90.668 40.693 90.837 6.037 6.037 6.929 6.845
W istinat 40.693 90.837 41.714 91.006 6.037 6.037 6.845 6.832
W istinat 41.714 91.006 42.735 91.175 6.037 6.037 6.832 6.791
W istinat 42.735 91.175 43.756 91.344 6.037 6.037 6.791 6.738
W istinat 43.756 91.344 44.777 91.513 6.037 6.037 6.738 6.615
W istinat 44.777 91.513 45.798 91.682 6.037 6.037 6.615 6.444
W istinat 45.798 91.682 46.819 91.851 6.037 6.037 6.444 6.209
W istinat 46.819 91.851 47.840 92.020 6.037 6.037 6.209 5.981
W dolgu 47.840 92.020 48.861 92.049 5.981 5.684 6.037 6.037
W dolgu 48.861 92.049 49.882 92.077 5.684 5.482 6.037 6.037
W dolgu 49.882 92.077 50.904 92.106 5.482 5.323 6.037 6.037
W dolgu 50.904 92.106 51.925 92.135 5.323 5.142 6.037 6.037
W dolgu 51.925 92.135 52.946 92.163 5.142 4.972 6.037 6.037
W dolgu 52.946 92.163 53.967 92.192 4.972 4.823 6.037 6.037
W dolgu 53.967 92.192 54.989 92.220 4.823 4.706 6.037 6.037
W dolgu 54.989 92.220 56.010 92.249 4.706 4.592 6.037 6.037
W dolgu 56.010 92.249 57.031 92.278 4.592 4.507 6.037 6.037
W dolgu 57.031 92.278 58.052 92.306 4.507 4.434 6.037 6.037
W dolgu 58.052 92.306 59.073 92.335 4.434 4.377 6.037 6.037
W dolgu 59.073 92.335 60.095 92.364 4.377 4.348 6.037 6.037
W basamak 60.095 92.364 60.153 91.378 3.098 3.098 6.037 6.037
W basamak 60.153 91.378 60.212 90.393 3.098 3.098 6.037 6.037
W basamak 60.212 90.393 60.270 89.407 3.098 3.098 6.037 6.037
W basamak 60.270 89.407 60.329 88.422 3.098 3.098 6.037 6.037
W basamak 60.329 88.422 60.388 87.437 3.098 3.098 6.037 6.037
W basamak 60.388 87.437 60.446 86.451 3.098 3.098 6.037 6.037
W basamak 60.446 86.451 60.505 85.466 3.098 3.098 6.037 6.037
W basamak 60.505 85.466 60.563 84.480 3.098 3.098 6.037 6.037
W basamak 60.563 84.480 60.622 83.495 3.098 3.098 6.037 6.037
W basamak 60.622 83.495 60.681 82.510 3.098 3.098 6.037 6.037
W basamak 60.681 82.510 60.739 81.524 3.098 3.098 6.037 6.037
W basamak 60.739 81.524 60.798 80.539 3.098 3.098 6.037 6.037
W basamak 60.798 80.539 60.856 79.553 3.098 3.098 6.037 6.037
W basamak 60.856 79.553 60.915 78.568 3.098 3.098 6.037 6.037
W basamak 60.915 78.568 60.974 77.583 3.098 3.098 6.037 6.037
W basamak 60.974 77.583 61.032 76.597 3.098 3.098 6.037 6.037
W dolgu 61.032 76.597 60.033 76.538 1.993 2.235 6.037 6.037
W dolgu 60.033 76.538 59.034 76.478 2.235 2.486 6.037 6.037
W dolgu 59.034 76.478 58.034 76.419 2.486 2.732 6.037 6.037
W dolgu 58.034 76.419 57.035 76.359 2.732 2.969 6.037 6.037
W dolgu 57.035 76.359 56.036 76.300 2.969 3.201 6.037 6.037
W dolgu 56.036 76.300 55.036 76.241 3.201 3.419 6.037 6.037
W dolgu 55.036 76.241 54.037 76.181 3.419 3.636 6.037 6.037
W dolgu 54.037 76.181 53.038 76.122 3.636 3.829 6.037 6.037
W dolgu 53.038 76.122 52.039 76.062 3.829 3.994 6.037 6.037
W dolgu 52.039 76.062 51.039 76.003 3.994 4.166 6.037 6.037
W dolgu 51.039 76.003 50.040 75.943 4.166 4.315 6.037 6.037
W dolgu 50.040 75.943 49.041 75.884 4.315 4.448 6.037 6.037
W dolgu 49.041 75.884 48.041 75.825 4.448 4.563 6.037 6.037
W dolgu 48.041 75.825 47.042 75.765 4.563 4.668 6.037 6.037
W dolgu 47.042 75.765 46.043 75.706 4.668 4.750 6.037 6.037
W dolgu 46.043 75.706 45.043 75.646 4.750 4.823 6.037 6.037
W dolgu 45.043 75.646 44.044 75.587 4.823 4.899 6.037 6.037
W dolgu 44.044 75.587 43.045 75.527 4.899 4.927 6.037 6.037
W dolgu 43.045 75.527 42.045 75.468 4.927 4.925 6.037 6.037
W dolgu 42.045 75.468 41.046 75.409 4.925 4.921 6.037 6.037
W dolgu 41.046 75.409 40.047 75.349 4.921 4.930 6.037 6.037
W dolgu 40.047 75.349 39.048 75.290 4.930 4.948 6.037 6.037
W dolgu 39.048 75.290 38.048 75.230 4.948 4.978 6.037 6.037
W dolgu 38.048 75.230 37.049 75.171 4.978 5.048 6.037 6.037
W dolgu 37.049 75.171 36.050 75.111 5.048 5.140 6.037 6.037
W dolgu 36.050 75.111 35.050 75.052 5.140 5.259 6.037 6.037
W dolgu 35.050 75.052 34.051 74.993 5.259 5.387 6.037 6.037
W dolgu 34.051 74.993 33.052 74.933 5.387 5.528 6.037 6.037
W dolgu 33.052 74.933 32.052 74.874 5.528 5.683 6.037 6.037
W dolgu 32.052 74.874 31.053 74.814 5.683 5.852 6.037 6.037
W dolgu 31.053 74.814 30.054 74.755 5.852 6.020 6.037 6.037
W istinat 30.054 74.755 29.054 74.695 6.037 6.037 6.020 6.189
W istinat 29.054 74.695 28.055 74.636 6.037 6.037 6.189 6.340
W istinat 28.055 74.636 27.056 74.577 6.037 6.037 6.340 6.475
W istinat 27.056 74.577 26.057 74.517 6.037 6.037 6.475 6.591
W istinat 26.057 74.517 25.057 74.458 6.037 6.037 6.591 6.702
W istinat 25.057 74.458 24.058 74.398 6.037 6.037 6.702 6.801
W istinat 24.058 74.398 23.059 74.339 6.037 6.037 6.801 6.905
W istinat 23.059 74.339 22.059 74.279 6.037 6.037 6.905 7.006
W istinat 22.059 74.279 21.060 74.220 6.037 6.037 7.006 7.106
W istinat 21.060 74.220 20.383 74.900 6.037 6.037 7.106 7.229
W istinat 20.383 74.900 19.705 75.580 6.037 6.037 7.229 7.341
W istinat 19.705 75.580 19.027 76.260 6.037 6.037 7.341 7.449
W istinat 19.027 76.260 18.350 76.940 6.037 6.037 7.449 7.569
W istinat 18.350 76.940 17.694 77.659 6.037 6.037 7.569 7.723
W istinat 17.694 77.659 17.038 78.378 6.037 6.037 7.723 7.917
W istinat 17.038 78.378 16.383 79.097 6.037 6.037 7.917 8.160
W istinat 16.383 79.097 15.727 79.817 6.037 6.037 8.160 8.439
W istinat 15.727 79.817 15.071 80.536 6.037 6.037 8.439 8.763
W istinat 15.071 80.536 14.415 81.255 6.037 6.037 8.763 9.107
W istinat 14.415 81.255 13.759 81.974 6.037 6.037 9.107 9.438
W istinat 13.759 81.974 13.103 82.693 6.037 6.037 9.438 9.669
W istinat 13.103 82.693 12.448 83.412 6.037 6.037 9.669 9.859
W istinat 12.448 83.412 11.792 84.132 6.037 6.037 9.859 9.965
W istinat 11.792 84.132 11.136 84.851 6.037 6.037 9.965 10.075
W istinat 11.136 84.851 10.480 85.570 6.037 6.037 10.075 10.195
W istinat 10.480 85.570 11.242 86.056 6.037 6.037 10.195 10.281
W istinat 11.242 86.056 12.004 86.542 6.037 6.037 10.281 10.339
W istinat 12.004 86.542 12.766 87.028 6.037 6.037 10.339 10.348
W istinat 12.766 87.028 13.528 87.514 6.037 6.037 10.348 10.319
W istinat 13.528 87.514 14.290 88.000 6.037 6.037 10.319 10.269
W istinat 62.460 92.430 63.454 92.521 3.098 3.098 4.299 4.284
W istinat 63.454 92.521 64.447 92.613 3.098 3.098 4.284 4.256
W istinat 64.447 92.613 65.441 92.704 3.098 3.098 4.256 4.186
W istinat 65.441 92.704 66.434 92.796 3.098 3.098 4.186 4.121
W istinat 66.434 92.796 67.428 92.887 3.098 3.098 4.121 3.981
W istinat 67.428 92.887 68.421 92.979 3.098 3.098 3.981 3.829
W istinat 68.421 92.979 69.415 93.070 3.098 3.098 3.829 3.677
W istinat 69.415 93.070 70.409 93.161 3.098 3.098 3.677 3.551
W istinat 70.409 93.161 71.402 93.253 3.098 3.098 3.551 3.455
W istinat 71.402 93.253 72.396 93.344 3.098 3.098 3.455 3.374
W istinat 72.396 93.344 73.389 93.436 3.098 3.098 3.374 3.362
W istinat 73.389 93.436 74.383 93.527 3.098 3.098 3.362 3.397
W istinat 74.383 93.527 75.376 93.619 3.098 3.098 3.397 3.467
W istinat 75.376 93.619 76.370 93.710 3.098 3.098 3.467 3.593
W istinat 76.370 93.710 77.341 93.574 3.098 3.098 3.593 3.721
W istinat 77.341 93.574 78.312 93.437 3.098 3.098 3.721 3.901
W istinat 78.312 93.437 79.283 93.301 3.098 3.098 3.901 4.150
W istinat 79.283 93.301 80.254 93.165 3.098 3.098 4.150 4.425
W istinat 80.254 93.165 81.225 93.028 3.098 3.098 4.425 4.715
W istinat 81.225 93.028 82.195 92.892 3.098 3.098 4.715 4.994
W istinat 82.195 92.892 83.166 92.755 3.098 3.098 4.994 5.252
W istinat 83.166 92.755 84.137 92.619 3.098 3.098 5.252 5.436
W istinat 84.137 92.619 85.108 92.483 3.098 3.098 5.436 5.561
W istinat 85.108 92.483 86.079 92.346 3.098 3.098 5.561 5.666
W istinat 86.079 92.346 87.050 92.210 3.098 3.098 5.666 5.697
W istinat 87.050 92.210 88.047 92.212 3.098 3.098 5.697 5.721
W istinat 88.047 92.212 89.044 92.214 3.098 3.098 5.721 5.726
W istinat 89.044 92.214 90.041 92.216 3.098 3.098 5.726 5.714
W istinat 90.041 92.216 91.037 92.218 3.098 3.098 5.714 5.694
W istinat 91.037 92.218 92.034 92.219 3.098 3.098 5.694 5.680
W istinat 92.034 92.219 93.031 92.221 3.098 3.098 5.680 5.669
W istinat 93.031 92.221 94.028 92.223 3.098 3.098 5.669 5.654
W istinat 94.028 92.223 95.025 92.225 3.098 3.098 5.654 5.633
W istinat 95.025 92.225 96.022 92.227 3.098 3.098 5.633 5.603
W istinat 96.022 92.227 97.019 92.229 3.098 3.098 5.603 5.564
W istinat 97.019 92.229 98.016 92.231 3.098 3.098 5.564 5.520
W istinat 98.016 92.231 99.013 92.232 3.098 3.098 5.520 5.459
W istinat 99.013 92.232 100.009 92.234 3.098 3.098 5.459 5.386
W istinat 100.009 92.234 101.006 92.236 3.098 3.098 5.386 5.317
W istinat 101.006 92.236 102.003 92.238 3.098 3.098 5.317 5.238
W istinat 102.003 92.238 103.000 92.240 3.098 3.098 5.238 5.153
W istinat 103.000 92.240 103.947 92.319 3.098 3.098 5.153 5.073
W istinat 103.947 92.319 104.895 92.398 3.098 3.098 5.073 4.982
W istinat 104.895 92.398 105.842 92.477 3.098 3.098 4.982 4.878
W istinat 105.842 92.477 106.789 92.556 3.098 3.098 4.878 4.776
W istinat 106.789 92.556 107.736 92.634 3.098 3.098 4.776 4.665
W istinat 107.736 92.634 108.684 92.713 3.098 3.098 4.665 4.553
W istinat 108.684 92.713 109.631 92.792 3.098 3.098 4.553 4.445
W istinat 109.631 92.792 110.578 92.871 3.098 3.098 4.445 4.339
W istinat 110.578 92.871 111.526 92.950 3.098 3.098 4.339 4.235
W basamak 111.526 92.950 111.586 91.927 -1.150 -1.150 3.098 3.098
W basamak 111.586 91.927 111.647 90.903 -1.150 -1.150 3.098 3.098
W basamak 111.647 90.903 111.708 89.880 -1.150 -1.150 3.098 3.098
W basamak 111.708 89.880 111.769 88.857 -1.150 -1.150 3.098 3.098
W basamak 111.769 88.857 111.830 87.833 -1.150 -1.150 3.098 3.098
W basamak 111.830 87.833 111.891 86.810 -1.150 -1.150 3.098 3.098
W basamak 111.891 86.810 111.952 85.787 -1.150 -1.150 3.098 3.098
W basamak 111.952 85.787 112.012 84.764 -1.150 -1.150 3.098 3.098
W basamak 112.012 84.764 112.073 83.740 -1.150 -1.150 3.098 3.098
W basamak 112.073 83.740 112.134 82.717 -1.150 -1.150 3.098 3.098
W basamak 112.134 82.717 112.195 81.694 -1.150 -1.150 3.098 3.098
W basamak 112.195 81.694 112.256 80.670 -1.150 -1.150 3.098 3.098
W basamak 112.256 80.670 112.317 79.647 -1.150 -1.150 3.098 3.098
W dolgu 112.317 79.647 111.311 79.587 2.188 2.242 3.098 3.098
W dolgu 111.311 79.587 110.306 79.527 2.242 2.279 3.098 3.098
W dolgu 110.306 79.527 109.300 79.468 2.279 2.305 3.098 3.098
W dolgu 109.300 79.468 108.294 79.408 2.305 2.325 3.098 3.098
W dolgu 108.294 79.408 107.289 79.348 2.325 2.346 3.098 3.098
W dolgu 107.289 79.348 106.283 79.288 2.346 2.373 3.098 3.098
W dolgu 106.283 79.288 105.278 79.228 2.373 2.407 3.098 3.098
W dolgu 105.278 79.228 104.272 79.169 2.407 2.454 3.098 3.098
W dolgu 104.272 79.169 103.267 79.109 2.454 2.527 3.098 3.098
W dolgu 103.267 79.109 102.261 79.049 2.527 2.612 3.098 3.098
W dolgu 102.261 79.049 101.255 78.989 2.612 2.711 3.098 3.098
W dolgu 101.255 78.989 100.250 78.929 2.711 2.809 3.098 3.098
W dolgu 100.250 78.929 99.244 78.870 2.809 2.924 3.098 3.098
W dolgu 99.244 78.870 98.239 78.810 2.924 3.021 3.098 3.098
W dolgu 98.239 78.810 97.233 78.750 3.021 3.092 3.098 3.098
W istinat 96.227 78.690 95.222 78.630 3.098 3.098 3.124 3.159
W istinat 95.222 78.630 94.216 78.571 3.098 3.098 3.159 3.162
W istinat 94.216 78.571 93.211 78.511 3.098 3.098 3.162 3.150
W istinat 93.211 78.511 92.205 78.451 3.098 3.098 3.150 3.107
W dolgu 92.205 78.451 91.200 78.391 3.107 3.039 3.098 3.098
W dolgu 91.200 78.391 90.194 78.331 3.039 2.943 3.098 3.098
W dolgu 90.194 78.331 89.188 78.272 2.943 2.838 3.098 3.098
W dolgu 89.188 78.272 88.183 78.212 2.838 2.726 3.098 3.098
W dolgu 88.183 78.212 87.177 78.152 2.726 2.601 3.098 3.098
W dolgu 87.177 78.152 86.172 78.092 2.601 2.459 3.098 3.098
W dolgu 86.172 78.092 85.166 78.032 2.459 2.247 3.098 3.098
W dolgu 85.166 78.032 84.161 77.973 2.247 1.954 3.098 3.098
W dolgu 84.161 77.973 83.155 77.913 1.954 1.516 3.098 3.098
W dolgu 83.155 77.913 82.149 77.853 1.516 1.150 3.098 3.098
W dolgu 82.149 77.853 81.144 77.793 1.150 0.870 3.098 3.098
W dolgu 81.144 77.793 80.138 77.733 0.870 0.636 3.098 3.098
W dolgu 80.138 77.733 79.133 77.674 0.636 0.464 3.098 3.098
W dolgu 79.133 77.674 78.127 77.614 0.464 0.359 3.098 3.098
W dolgu 78.127 77.614 77.122 77.554 0.359 0.305 3.098 3.098
W dolgu 77.122 77.554 76.116 77.494 0.305 0.297 3.098 3.098
W dolgu 76.116 77.494 75.110 77.434 0.297 0.311 3.098 3.098
W dolgu 75.110 77.434 74.105 77.375 0.311 0.347 3.098 3.098
W dolgu 74.105 77.375 73.099 77.315 0.347 0.404 3.098 3.098
W dolgu 73.099 77.315 72.094 77.255 0.404 0.450 3.098 3.098
W dolgu 72.094 77.255 71.088 77.195 0.450 0.511 3.098 3.098
W dolgu 71.088 77.195 70.082 77.135 0.511 0.557 3.098 3.098
W dolgu 70.082 77.135 69.077 77.076 0.557 0.607 3.098 3.098
W dolgu 69.077 77.076 68.071 77.016 0.607 0.665 3.098 3.098
W dolgu 68.071 77.016 67.066 76.956 0.665 0.763 3.098 3.098
W dolgu 67.066 76.956 66.060 76.896 0.763 0.911 3.098 3.098
W dolgu 66.060 76.896 65.055 76.836 0.911 1.091 3.098 3.098
W dolgu 65.055 76.836 64.049 76.777 1.091 1.313 3.098 3.098
W dolgu 64.049 76.777 63.043 76.717 1.313 1.532 3.098 3.098
W dolgu 63.043 76.717 62.038 76.657 1.532 1.759 3.098 3.098
W dolgu 62.038 76.657 61.032 76.597 1.759 1.993 3.098 3.098
W istinat 60.095 92.364 61.277 92.397 3.098 3.098 4.348 4.322
W istinat 61.277 92.397 62.460 92.430 3.098 3.098 4.322 4.299
W istinat 116.690 93.380 117.666 93.461 -1.150 -1.150 3.668 3.574
W istinat 117.666 93.461 118.642 93.543 -1.150 -1.150 3.574 3.488
W istinat 118.642 93.543 119.618 93.624 -1.150 -1.150 3.488 3.390
W istinat 119.618 93.624 120.594 93.705 -1.150 -1.150 3.390 3.302
W istinat 120.594 93.705 121.570 93.787 -1.150 -1.150 3.302 3.201
W istinat 121.570 93.787 122.546 93.868 -1.150 -1.150 3.201 3.085
W istinat 122.546 93.868 123.522 93.949 -1.150 -1.150 3.085 2.965
W istinat 123.522 93.949 124.498 94.031 -1.150 -1.150 2.965 2.834
W istinat 124.498 94.031 125.474 94.112 -1.150 -1.150 2.834 2.683
W istinat 125.474 94.112 126.450 94.193 -1.150 -1.150 2.683 2.523
W istinat 126.450 94.193 127.426 94.275 -1.150 -1.150 2.523 2.341
W istinat 127.426 94.275 128.402 94.356 -1.150 -1.150 2.341 2.160
W istinat 128.402 94.356 129.378 94.437 -1.150 -1.150 2.160 1.978
W istinat 129.378 94.437 130.354 94.519 -1.150 -1.150 1.978 1.798
W istinat 130.354 94.519 131.330 94.600 -1.150 -1.150 1.798 1.612
W istinat 131.330 94.600 132.361 94.698 -1.150 -1.150 1.612 1.397
W istinat 132.361 94.698 133.392 94.796 -1.150 -1.150 1.397 1.169
W istinat 133.392 94.796 134.423 94.893 -1.150 -1.150 1.169 0.940
W istinat 134.423 94.893 135.454 94.991 -1.150 -1.150 0.940 0.717
W istinat 135.454 94.991 136.486 95.089 -1.150 -1.150 0.717 0.504
W istinat 136.486 95.089 137.517 95.187 -1.150 -1.150 0.504 0.312
W istinat 137.517 95.187 138.548 95.284 -1.150 -1.150 0.312 0.119
W istinat 138.548 95.284 139.579 95.382 -1.150 -1.150 0.119 -0.064
W istinat 139.579 95.382 140.610 95.480 -1.150 -1.150 -0.064 -0.238
W istinat 140.610 95.480 141.629 95.512 -1.150 -1.150 -0.238 -0.413
W istinat 141.629 95.512 142.647 95.544 -1.150 -1.150 -0.413 -0.574
W istinat 142.647 95.544 143.666 95.576 -1.150 -1.150 -0.574 -0.741
W istinat 143.666 95.576 144.685 95.608 -1.150 -1.150 -0.741 -0.880
W istinat 144.685 95.608 145.703 95.640 -1.150 -1.150 -0.880 -1.028
W istinat 145.703 95.640 146.722 95.672 -1.150 -1.150 -1.028 -1.187
W dolgu 146.722 95.672 147.741 95.704 -1.187 -1.303 -1.150 -1.150
W dolgu 147.741 95.704 148.759 95.736 -1.303 -1.395 -1.150 -1.150
W dolgu 148.759 95.736 149.778 95.768 -1.395 -1.476 -1.150 -1.150
W dolgu 149.778 95.768 150.797 95.800 -1.476 -1.557 -1.150 -1.150
W dolgu 150.797 95.800 151.815 95.832 -1.557 -1.628 -1.150 -1.150
W dolgu 151.815 95.832 152.834 95.864 -1.628 -1.657 -1.150 -1.150
W dolgu 152.834 95.864 153.853 95.896 -1.657 -1.678 -1.150 -1.150
W dolgu 153.853 95.896 154.871 95.928 -1.678 -1.700 -1.150 -1.150
W dolgu 154.871 95.928 155.890 95.960 -1.700 -1.713 -1.150 -1.150
W dolgu 155.890 95.960 156.157 95.056 -1.713 -1.866 -1.150 -1.150
W dolgu 156.157 95.056 156.425 94.153 -1.866 -2.028 -1.150 -1.150
W dolgu 156.425 94.153 156.692 93.249 -2.028 -2.216 -1.150 -1.150
W dolgu 156.692 93.249 156.960 92.345 -2.216 -2.403 -1.150 -1.150
W dolgu 156.960 92.345 157.227 91.441 -2.403 -2.599 -1.150 -1.150
W dolgu 157.227 91.441 157.495 90.537 -2.599 -2.825 -1.150 -1.150
W dolgu 157.495 90.537 157.762 89.634 -2.825 -3.083 -1.150 -1.150
W dolgu 157.762 89.634 158.030 88.730 -3.083 -3.373 -1.150 -1.150
W dolgu 158.030 88.730 158.649 87.971 -3.373 -3.752 -1.150 -1.150
W dolgu 158.649 87.971 159.267 87.213 -3.752 -4.143 -1.150 -1.150
W dolgu 159.267 87.213 159.886 86.454 -4.143 -4.631 -1.150 -1.150
W dolgu 159.886 86.454 160.505 85.695 -4.631 -5.172 -1.150 -1.150
W dolgu 160.505 85.695 161.124 84.936 -5.172 -5.756 -1.150 -1.150
W dolgu 161.124 84.936 161.743 84.177 -5.756 -6.387 -1.150 -1.150
W dolgu 161.743 84.177 162.361 83.419 -6.387 -7.004 -1.150 -1.150
W dolgu 162.361 83.419 162.980 82.660 -7.004 -7.632 -1.150 -1.150
W dolgu 162.980 82.660 161.987 82.601 -7.632 -7.248 -1.150 -1.150
W dolgu 161.987 82.601 160.993 82.542 -7.248 -6.886 -1.150 -1.150
W dolgu 160.993 82.542 160.000 82.483 -6.886 -6.558 -1.150 -1.150
W dolgu 160.000 82.483 159.006 82.424 -6.558 -6.243 -1.150 -1.150
W dolgu 159.006 82.424 158.013 82.365 -6.243 -5.940 -1.150 -1.150
W dolgu 158.013 82.365 157.020 82.306 -5.940 -5.761 -1.150 -1.150
W dolgu 157.020 82.306 156.026 82.246 -5.761 -5.678 -1.150 -1.150
W dolgu 156.026 82.246 155.033 82.187 -5.678 -5.661 -1.150 -1.150
W dolgu 155.033 82.187 154.039 82.128 -5.661 -5.617 -1.150 -1.150
W dolgu 154.039 82.128 153.046 82.069 -5.617 -5.572 -1.150 -1.150
W dolgu 153.046 82.069 152.053 82.010 -5.572 -5.413 -1.150 -1.150
W dolgu 152.053 82.010 151.059 81.951 -5.413 -5.134 -1.150 -1.150
W dolgu 151.059 81.951 150.066 81.892 -5.134 -4.640 -1.150 -1.150
W dolgu 150.066 81.892 149.072 81.833 -4.640 -4.294 -1.150 -1.150
W dolgu 149.072 81.833 148.079 81.774 -4.294 -3.921 -1.150 -1.150
W dolgu 148.079 81.774 147.086 81.715 -3.921 -3.704 -1.150 -1.150
W dolgu 147.086 81.715 146.092 81.656 -3.704 -3.364 -1.150 -1.150
W dolgu 146.092 81.656 145.099 81.597 -3.364 -3.070 -1.150 -1.150
W dolgu 145.099 81.597 144.105 81.538 -3.070 -2.775 -1.150 -1.150
W dolgu 144.105 81.538 143.112 81.478 -2.775 -2.508 -1.150 -1.150
W dolgu 143.112 81.478 142.119 81.419 -2.508 -2.251 -1.150 -1.150
W dolgu 142.119 81.419 141.125 81.360 -2.251 -1.990 -1.150 -1.150
W dolgu 141.125 81.360 140.132 81.301 -1.990 -1.743 -1.150 -1.150
W dolgu 140.132 81.301 139.138 81.242 -1.743 -1.528 -1.150 -1.150
W dolgu 139.138 81.242 138.145 81.183 -1.528 -1.307 -1.150 -1.150
W dolgu 138.145 81.183 137.152 81.124 -1.307 -1.059 -1.150 -1.150
W istinat 137.152 81.124 136.158 81.065 -1.150 -1.150 -1.059 -0.791
W istinat 136.158 81.065 135.165 81.006 -1.150 -1.150 -0.791 -0.505
W istinat 135.165 81.006 134.171 80.947 -1.150 -1.150 -0.505 -0.213
W istinat 134.171 80.947 133.178 80.888 -1.150 -1.150 -0.213 0.045
W istinat 133.178 80.888 132.185 80.829 -1.150 -1.150 0.045 0.289
W istinat 132.185 80.829 131.191 80.770 -1.150 -1.150 0.289 0.468
W istinat 131.191 80.770 130.198 80.710 -1.150 -1.150 0.468 0.624
W istinat 130.198 80.710 129.204 80.651 -1.150 -1.150 0.624 0.757
W istinat 129.204 80.651 128.211 80.592 -1.150 -1.150 0.757 0.880
W istinat 128.211 80.592 127.218 80.533 -1.150 -1.150 0.880 0.991
W istinat 127.218 80.533 126.224 80.474 -1.150 -1.150 0.991 1.099
W istinat 126.224 80.474 125.231 80.415 -1.150 -1.150 1.099 1.190
W istinat 125.231 80.415 124.238 80.356 -1.150 -1.150 1.190 1.286
W istinat 124.238 80.356 123.244 80.297 -1.150 -1.150 1.286 1.386
W istinat 123.244 80.297 122.251 80.238 -1.150 -1.150 1.386 1.485
W istinat 122.251 80.238 121.257 80.179 -1.150 -1.150 1.485 1.578
W istinat 121.257 80.179 120.264 80.120 -1.150 -1.150 1.578 1.668
W istinat 120.264 80.120 119.271 80.061 -1.150 -1.150 1.668 1.752
W istinat 119.271 80.061 118.277 80.002 -1.150 -1.150 1.752 1.838
W istinat 118.277 80.002 117.284 79.942 -1.150 -1.150 1.838 1.905
W istinat 117.284 79.942 116.290 79.883 -1.150 -1.150 1.905 1.966
W istinat 116.290 79.883 115.297 79.824 -1.150 -1.150 1.966 2.019
W istinat 115.297 79.824 114.304 79.765 -1.150 -1.150 2.019 2.077
W istinat 114.304 79.765 113.310 79.706 -1.150 -1.150 2.077 2.131
W istinat 113.310 79.706 112.317 79.647 -1.150 -1.150 2.131 2.188
W istinat 111.526 92.950 112.558 93.036 -1.150 -1.150 4.235 4.118
W istinat 112.558 93.036 113.591 93.122 -1.150 -1.150 4.118 4.004
W istinat 113.591 93.122 114.624 93.208 -1.150 -1.150 4.004 3.889
W istinat 114.624 93.208 115.657 93.294 -1.150 -1.150 3.889 3.778
W istinat 115.657 93.294 116.690 93.380 -1.150 -1.150 3.778 3.668
