T 6.000 6.450 34.505,85.578;34.478,86.028;33.081,85.945;33.107,85.495
T 5.991 6.445 42.217,86.037;42.191,86.486;40.793,86.403;40.820,85.954
T 2.500 2.950 80.003,88.281;79.976,88.730;78.579,88.647;78.605,88.197
T 2.322 2.941 87.715,88.739;87.688,89.189;86.291,89.105;86.317,88.656
T 2.322 2.781 87.688,89.189;87.670,89.488;86.273,89.405;86.291,89.105
T -0.559 -0.104 137.350,91.694;137.324,92.143;135.926,92.060;135.953,91.611
T -1.149 -0.100 145.063,92.153;145.036,92.602;143.639,92.519;143.665,92.070
T -1.149 -0.250 145.036,92.602;145.018,92.902;143.621,92.819;143.639,92.519
T -1.149 -0.399 145.018,92.902;145.001,93.201;143.603,93.118;143.621,92.819
T -1.149 -0.549 145.001,93.201;144.983,93.501;143.585,93.418;143.603,93.118
T -1.149 -0.699 144.983,93.501;144.965,93.800;143.567,93.717;143.585,93.418
T 0.765 1.222 101.989,79.634;101.690,79.616;101.619,80.814;101.918,80.832
T 0.765 1.380 101.690,79.616;101.390,79.598;101.319,80.796;101.619,80.814
T 0.765 1.538 101.390,79.598;101.091,79.581;101.020,80.778;101.319,80.796
T 0.765 1.696 101.091,79.581;100.792,79.563;100.720,80.761;101.020,80.778
T 0.765 1.853 100.792,79.563;100.492,79.545;100.421,80.743;100.720,80.761
T 0.765 2.011 100.492,79.545;100.193,79.527;100.121,80.725;100.421,80.743
T 0.765 2.169 100.193,79.527;99.893,79.509;99.822,80.707;100.121,80.725
T 0.765 2.327 99.893,79.509;99.594,79.492;99.522,80.689;99.822,80.707
T 0.765 2.484 99.594,79.492;99.294,79.474;99.223,80.672;99.522,80.689
T 0.765 2.642 99.294,79.474;98.995,79.456;98.923,80.654;99.223,80.672
T -0.550 -0.081 122.938,80.880;123.238,80.898;123.167,82.095;122.867,82.078
T 3.940 4.398 56.451,76.625;57.649,76.696;57.631,76.996;56.433,76.925
T 3.940 4.557 56.433,76.925;57.631,76.996;57.613,77.295;56.415,77.224
T 3.940 4.715 56.415,77.224;57.613,77.295;57.595,77.595;56.397,77.524
T 3.940 4.874 56.397,77.524;57.595,77.595;57.577,77.894;56.379,77.823
T 3.940 5.032 56.379,77.823;57.577,77.894;57.559,78.194;56.362,78.123
T 3.940 5.191 56.362,78.123;57.559,78.194;57.542,78.493;56.344,78.422
T 3.940 5.349 56.344,78.422;57.542,78.493;57.524,78.793;56.326,78.722
T 3.940 5.508 56.326,78.722;57.524,78.793;57.506,79.092;56.308,79.021
T 3.940 5.666 56.308,79.021;57.506,79.092;57.488,79.392;56.290,79.320
T 3.940 5.825 56.290,79.320;57.488,79.392;57.470,79.691;56.273,79.620
T 3.940 5.983 56.273,79.620;57.470,79.691;57.453,79.991;56.255,79.919
T 3.940 6.142 56.255,79.919;57.453,79.991;57.435,80.290;56.237,80.219
