H 55.395 86.463 55.768 80.191 6.300
H 52.235 76.534 21.203 74.679 6.300
H 31.528 77.610 31.680 75.055 6.300
H 38.073 78.738 38.269 75.449 6.300
H 44.662 79.129 44.858 75.842 6.300
H 67.367 77.174 66.792 86.845 2.800
H 66.792 86.845 68.937 87.051 2.800
H 98.334 88.781 98.414 88.781 2.800
H 98.414 88.781 100.994 88.786 2.800
H 100.994 88.786 101.344 82.901 2.800
H 77.058 79.852 77.182 77.758 2.800
H 83.647 80.245 83.771 78.150 2.800
H 90.236 80.637 90.361 78.542 2.800
H 123.408 80.563 122.821 90.429 -0.250
H 122.821 90.429 125.374 90.642 -0.250
H 125.374 90.642 125.454 90.648 -0.250
H 134.090 83.825 134.249 81.152 -0.250
H 140.679 84.218 140.838 81.544 -0.250
H 147.268 84.610 147.427 81.935 -0.250
