W dolgu 51.910 86.754 51.929 86.633 4.740 4.738 6.310 6.310 -0.988 -0.155 1 0
W dolgu 51.929 86.633 52.347 86.644 4.745 4.695 6.310 6.310 0.028 -1.000 0 0
W dolgu 52.347 86.644 53.143 86.667 4.695 4.599 6.310 6.310 0.028 -1.000 0 0
W dolgu 53.143 86.667 54.035 86.692 4.599 4.492 6.310 6.310 0.028 -1.000 0 0
W dolgu 54.035 86.692 54.927 86.717 4.492 4.385 6.310 6.310 0.028 -1.000 0 0
W dolgu 54.927 86.717 55.819 86.742 4.385 4.278 6.310 6.310 0.028 -1.000 0 1
W dolgu 55.830 86.732 55.892 85.692 4.269 4.160 6.310 6.310 -0.998 -0.059 1 0
W dolgu 55.892 85.692 55.953 84.652 4.160 4.054 6.310 6.310 -0.998 -0.059 0 0
W dolgu 55.953 84.652 56.015 83.612 4.054 4.012 6.310 6.310 -0.998 -0.059 0 0
W dolgu 56.015 83.612 56.077 82.573 4.012 4.012 6.310 6.310 -0.998 -0.059 0 0
W dolgu 56.077 82.573 56.139 81.533 4.012 4.012 6.310 6.310 -0.998 -0.059 0 0
W dolgu 56.139 81.533 56.201 80.493 4.012 4.012 6.310 6.310 -0.998 -0.059 0 0
W dolgu 56.201 80.493 56.262 79.454 4.012 4.012 6.310 6.310 -0.998 -0.059 0 0
W dolgu 56.262 79.454 56.324 78.414 4.012 4.050 6.310 6.310 -0.998 -0.059 0 0
W dolgu 56.324 78.414 56.386 77.374 4.050 4.142 6.310 6.310 -0.998 -0.059 0 0
W dolgu 56.386 77.374 56.466 76.035 4.142 4.226 6.310 6.310 -0.998 -0.059 0 1
W dolgu 56.753 76.343 55.442 76.265 2.795 3.024 4.533 6.300 0.059 -0.998 1 0
W dolgu 55.442 76.265 54.431 76.205 3.024 3.249 6.300 6.300 0.059 -0.998 0 0
W dolgu 54.431 76.205 53.420 76.144 3.249 3.451 6.300 6.300 0.059 -0.998 0 0
W dolgu 53.420 76.144 52.408 76.084 3.451 3.629 6.300 6.300 0.059 -0.998 0 0
W dolgu 52.408 76.084 51.397 76.024 3.629 3.806 6.300 6.300 0.059 -0.998 0 0
W dolgu 51.397 76.024 50.386 75.964 3.806 3.962 6.300 6.300 0.059 -0.998 0 0
W dolgu 50.386 75.964 49.375 75.904 3.962 4.102 6.300 6.300 0.059 -0.998 0 0
W dolgu 49.375 75.904 48.363 75.844 4.102 4.229 6.300 6.300 0.059 -0.998 0 0
W dolgu 48.363 75.844 47.352 75.784 4.229 4.333 6.300 6.300 0.059 -0.998 0 0
W dolgu 47.352 75.784 46.341 75.723 4.333 4.424 6.300 6.300 0.059 -0.998 0 0
W dolgu 46.341 75.723 45.330 75.663 4.424 4.501 6.300 6.300 0.059 -0.998 0 0
W dolgu 45.330 75.663 44.318 75.603 4.501 4.573 6.300 6.300 0.059 -0.998 0 0
W dolgu 44.318 75.603 43.307 75.543 4.573 4.620 6.300 6.300 0.059 -0.998 0 0
W dolgu 43.307 75.543 42.296 75.483 4.620 4.623 6.300 6.300 0.059 -0.998 0 0
W dolgu 42.296 75.483 41.285 75.423 4.623 4.614 6.300 6.300 0.059 -0.998 0 0
W dolgu 41.285 75.423 40.274 75.363 4.614 4.622 6.300 6.300 0.059 -0.998 0 0
W dolgu 40.274 75.363 39.262 75.302 4.622 4.634 6.300 6.300 0.059 -0.998 0 0
W dolgu 39.262 75.302 38.251 75.242 4.634 4.665 6.300 6.300 0.059 -0.998 0 0
W dolgu 38.251 75.242 37.240 75.182 4.665 4.727 6.300 6.300 0.059 -0.998 0 0
W dolgu 37.240 75.182 36.229 75.122 4.727 4.812 6.300 6.300 0.059 -0.998 0 0
W dolgu 36.229 75.122 35.217 75.062 4.812 4.932 6.300 6.300 0.059 -0.998 0 0
W dolgu 35.217 75.062 34.206 75.002 4.932 5.061 6.300 6.300 0.059 -0.998 0 0
W dolgu 34.206 75.002 33.195 74.942 5.061 5.199 6.300 6.300 0.059 -0.998 0 0
W dolgu 33.195 74.942 32.184 74.882 5.199 5.356 6.300 6.300 0.059 -0.998 0 0
W dolgu 32.184 74.882 31.172 74.821 5.356 5.525 6.300 6.300 0.059 -0.998 0 0
W basamak 31.172 74.821 30.161 74.761 5.525 5.695 6.300 6.300 0.059 -0.998 0 0
W basamak 30.161 74.761 29.150 74.701 5.695 5.865 6.300 6.300 0.059 -0.998 0 0
W basamak 29.150 74.701 28.139 74.641 5.865 6.000 6.300 6.321 0.059 -0.998 0 0
W istinat 28.139 74.641 27.127 74.581 6.000 6.000 6.321 6.459 -0.059 0.998 0 0
W istinat 27.127 74.581 26.116 74.521 6.000 6.000 6.459 6.577 -0.059 0.998 0 0
W istinat 26.116 74.521 25.105 74.461 6.000 6.000 6.577 6.691 -0.059 0.998 0 0
W istinat 25.105 74.461 24.094 74.400 6.000 6.000 6.691 6.791 -0.059 0.998 0 0
W istinat 24.094 74.400 23.082 74.340 6.000 6.000 6.791 6.897 -0.059 0.998 0 0
W istinat 23.082 74.340 22.071 74.280 6.000 6.000 6.897 7.000 -0.059 0.998 0 0
W istinat 22.071 74.280 20.761 74.202 6.000 6.000 7.000 7.101 -0.059 0.998 0 1
W istinat 15.764 79.776 15.117 80.485 7.545 7.619 8.422 8.742 0.739 0.674 0 0
W istinat 15.117 80.485 14.471 81.194 7.619 7.631 8.742 9.076 0.739 0.674 0 0
W istinat 14.471 81.194 13.824 81.903 7.631 7.601 9.076 9.406 0.739 0.674 0 0
W istinat 13.824 81.903 13.178 82.612 7.601 7.529 9.406 9.644 0.739 0.674 0 0
W istinat 13.178 82.612 12.531 83.320 7.529 7.455 9.644 9.837 0.739 0.674 0 0
W dolgu 12.531 83.320 13.178 82.612 7.455 7.529 9.837 9.644 0.739 0.674 0 0
W dolgu 13.178 82.612 13.824 81.903 7.529 7.601 9.644 9.406 0.739 0.674 0 0
W dolgu 13.824 81.903 14.471 81.194 7.601 7.631 9.406 9.076 0.739 0.674 0 0
W dolgu 14.471 81.194 15.117 80.485 7.631 7.619 9.076 8.742 0.739 0.674 0 0
W dolgu 15.117 80.485 15.764 79.776 7.619 7.545 8.742 8.422 0.739 0.674 0 0
W istinat 10.211 85.992 10.545 86.204 9.953 7.155 10.269 10.308 0.538 -0.843 0 0
W dolgu 10.545 86.204 10.211 85.992 7.155 7.186 10.308 10.269 0.538 -0.843 0 0
W dolgu 10.211 85.991 10.316 85.827 7.176 7.194 10.255 10.229 0.843 0.538 0 0
W istinat 10.316 85.827 10.211 85.992 7.194 6.000 10.229 10.255 0.843 0.538 0 0
W dolgu 37.561 90.825 36.588 90.717 6.280 6.280 7.311 7.450 0.111 -0.994 0 0
W dolgu 36.588 90.717 35.614 90.609 6.280 6.280 7.450 7.590 0.111 -0.994 0 0
W dolgu 35.614 90.609 34.641 90.501 6.280 6.280 7.590 7.751 0.111 -0.994 0 0
W dolgu 34.641 90.501 33.668 90.392 6.280 6.280 7.751 7.916 0.111 -0.994 0 0
W dolgu 33.668 90.392 32.695 90.284 6.280 6.280 7.916 8.089 0.111 -0.994 0 0
W dolgu 32.695 90.284 31.721 90.176 6.280 6.280 8.089 8.258 0.111 -0.994 0 0
W dolgu 31.721 90.176 30.748 90.068 6.280 6.280 8.258 8.410 0.111 -0.994 0 0
W dolgu 30.748 90.068 29.775 89.959 6.280 6.280 8.410 8.536 0.111 -0.994 0 0
W dolgu 29.775 89.959 28.802 89.851 6.280 6.280 8.536 8.655 0.111 -0.994 0 0
W dolgu 28.802 89.851 27.828 89.743 6.280 6.280 8.655 8.782 0.111 -0.994 0 0
W dolgu 27.828 89.743 26.855 89.635 6.280 6.280 8.782 8.894 0.111 -0.994 0 0
W dolgu 26.855 89.635 25.882 89.526 6.280 6.280 8.894 8.997 0.111 -0.994 0 0
W dolgu 25.882 89.526 24.908 89.418 6.280 6.280 8.997 9.059 0.111 -0.994 0 0
W dolgu 24.908 89.418 23.935 89.310 6.280 6.347 9.059 9.117 0.111 -0.994 0 0
W dolgu 23.935 89.310 22.962 89.202 6.347 6.465 9.117 9.164 0.111 -0.994 0 0
W dolgu 22.962 89.202 21.989 89.093 6.465 6.582 9.164 9.224 0.111 -0.994 0 0
W dolgu 21.989 89.093 21.015 88.985 6.582 6.700 9.224 9.261 0.111 -0.994 0 0
W dolgu 21.015 88.985 20.042 88.877 6.700 6.817 9.261 9.318 0.111 -0.994 0 0
W dolgu 20.042 88.877 19.069 88.769 6.817 6.935 9.318 9.399 0.111 -0.994 0 0
W istinat 19.069 88.769 20.042 88.877 6.935 6.817 9.399 9.318 0.111 -0.994 0 0
W istinat 20.042 88.877 21.015 88.985 6.817 6.700 9.318 9.261 0.111 -0.994 0 0
W istinat 21.015 88.985 21.989 89.093 6.700 6.582 9.261 9.224 0.111 -0.994 0 0
W istinat 21.989 89.093 22.962 89.202 6.582 6.465 9.224 9.164 0.111 -0.994 0 0
W istinat 22.962 89.202 23.935 89.310 6.465 6.347 9.164 9.117 0.111 -0.994 0 0
W istinat 23.935 89.310 24.908 89.418 6.347 6.280 9.117 9.059 0.111 -0.994 0 0
W istinat 24.908 89.418 25.882 89.526 6.280 6.280 9.059 8.997 0.111 -0.994 0 0
W istinat 25.882 89.526 26.855 89.635 6.280 6.280 8.997 8.894 0.111 -0.994 0 0
W istinat 26.855 89.635 27.828 89.743 6.280 6.280 8.894 8.782 0.111 -0.994 0 0
W istinat 27.828 89.743 28.802 89.851 6.280 6.280 8.782 8.655 0.111 -0.994 0 0
W istinat 28.802 89.851 29.775 89.959 6.280 6.280 8.655 8.536 0.111 -0.994 0 0
W istinat 29.775 89.959 30.748 90.068 6.280 6.280 8.536 8.410 0.111 -0.994 0 0
W istinat 30.748 90.068 31.721 90.176 6.280 6.280 8.410 8.258 0.111 -0.994 0 0
W istinat 31.721 90.176 32.695 90.284 6.280 6.280 8.258 8.089 0.111 -0.994 0 0
W istinat 32.695 90.284 33.668 90.392 6.280 6.280 8.089 7.916 0.111 -0.994 0 0
W istinat 33.668 90.392 34.641 90.501 6.280 6.280 7.916 7.751 0.111 -0.994 0 0
W istinat 34.641 90.501 35.614 90.609 6.280 6.280 7.751 7.590 0.111 -0.994 0 0
W istinat 35.614 90.609 36.588 90.717 6.280 6.280 7.590 7.450 0.111 -0.994 0 0
W istinat 36.588 90.717 37.561 90.825 6.280 6.280 7.450 7.311 0.111 -0.994 0 0
W istinat 47.792 92.519 48.815 92.548 5.205 5.099 6.170 5.866 0.028 -1.000 0 0
W istinat 48.815 92.548 49.837 92.576 5.099 4.976 5.866 5.600 0.028 -1.000 0 0
W istinat 49.837 92.576 50.860 92.605 4.976 4.853 5.600 5.416 0.028 -1.000 0 0
W istinat 50.860 92.605 51.883 92.634 4.853 4.730 5.416 5.230 0.028 -1.000 0 0
W istinat 51.883 92.634 52.906 92.662 4.730 4.608 5.230 5.045 0.028 -1.000 0 0
W istinat 52.906 92.662 53.929 92.691 4.608 4.485 5.045 4.889 0.028 -1.000 0 0
W istinat 53.929 92.691 54.951 92.720 4.485 4.362 4.889 4.760 0.028 -1.000 0 0
W istinat 54.951 92.720 55.974 92.748 4.362 4.239 4.760 4.641 0.028 -1.000 0 0
W istinat 55.974 92.748 56.997 92.777 4.239 4.117 4.641 4.555 0.028 -1.000 0 0
W istinat 56.997 92.777 58.020 92.806 4.117 4.034 4.555 4.481 0.028 -1.000 0 0
W istinat 58.020 92.806 59.042 92.834 4.034 3.982 4.481 4.420 0.028 -1.000 0 0
W istinat 59.042 92.834 60.065 92.863 3.982 3.943 4.420 4.391 0.028 -1.000 0 0
W basamak 60.065 92.863 59.068 92.835 3.943 3.981 4.391 4.419 0.028 -1.000 0 0
W basamak 59.068 92.835 58.071 92.807 3.981 4.031 4.419 4.478 0.028 -1.000 0 0
W basamak 58.071 92.807 57.074 92.779 4.031 4.107 4.478 4.549 0.028 -1.000 0 0
W basamak 57.074 92.779 56.077 92.751 4.107 4.227 4.549 4.631 0.028 -1.000 0 0
W basamak 56.077 92.751 55.080 92.723 4.227 4.347 4.631 4.745 0.028 -1.000 0 1
W basamak 54.383 92.704 53.086 92.667 4.466 4.586 4.866 5.015 0.028 -1.000 1 0
W basamak 53.086 92.667 52.089 92.639 4.586 4.706 5.015 5.193 0.028 -1.000 0 0
W basamak 52.089 92.639 51.092 92.611 4.706 4.825 5.193 5.370 0.028 -1.000 0 0
W basamak 51.092 92.611 49.992 92.581 4.825 4.957 5.370 5.572 0.028 -1.000 0 0
W basamak 49.992 92.581 48.892 92.550 4.957 5.089 5.572 5.845 0.028 -1.000 0 0
W dolgu 48.892 92.550 47.793 92.519 5.089 5.205 5.845 6.170 0.028 -1.000 0 0
W dolgu 61.332 76.615 60.117 76.543 1.685 1.906 4.312 4.312 0.059 -0.998 1 0
W dolgu 60.117 76.543 59.203 76.488 1.906 2.136 4.312 4.312 0.059 -0.998 0 0
W dolgu 59.203 76.488 58.288 76.434 2.136 2.362 4.312 4.321 0.059 -0.998 0 0
W dolgu 58.288 76.434 57.373 76.380 2.362 2.584 4.321 4.385 0.059 -0.998 0 0
W dolgu 57.373 76.380 56.458 76.325 2.584 2.794 4.385 4.532 0.059 -0.998 0 0
W istinat 62.431 92.929 63.580 93.035 3.725 3.586 4.346 4.331 0.092 -0.996 0 0
W istinat 63.580 93.035 64.730 93.141 3.586 3.448 4.331 4.300 0.092 -0.996 0 0
W istinat 64.730 93.141 65.880 93.247 3.448 3.309 4.300 4.232 0.092 -0.996 0 0
W dolgu 65.880 93.247 64.730 93.141 3.309 3.448 4.232 4.300 0.092 -0.996 0 0
W dolgu 64.730 93.141 63.580 93.035 3.448 3.586 4.300 4.331 0.092 -0.996 0 0
W basamak 63.580 93.035 62.431 92.929 3.586 3.725 4.331 4.346 0.092 -0.996 0 0
W dolgu 81.835 93.447 80.902 93.578 2.780 2.780 5.019 4.751 -0.139 -0.990 0 0
W dolgu 80.902 93.578 79.969 93.709 2.780 2.780 4.751 4.483 -0.139 -0.990 0 0
W dolgu 79.969 93.709 79.036 93.841 2.780 2.780 4.483 4.225 -0.139 -0.990 0 0
W dolgu 79.036 93.841 78.102 93.972 2.780 2.780 4.225 4.010 -0.139 -0.990 0 0
W dolgu 78.102 93.972 77.169 94.103 2.780 2.780 4.010 3.830 -0.139 -0.990 0 0
W dolgu 77.169 94.103 76.383 94.213 2.780 2.780 3.830 3.736 -0.139 -0.990 0 0
W dolgu 76.382 94.213 75.454 94.128 2.780 2.780 3.734 3.600 0.092 -0.996 0 0
W dolgu 75.454 94.128 74.527 94.043 2.780 2.758 3.600 3.554 0.092 -0.996 0 0
W basamak 74.527 94.043 73.600 93.957 2.758 2.736 3.554 3.511 0.092 -0.996 0 0
W basamak 73.600 93.957 72.672 93.872 2.736 2.733 3.511 3.523 0.092 -0.996 0 0
W istinat 72.672 93.872 73.600 93.957 2.733 2.736 3.523 3.511 0.092 -0.996 0 0
W istinat 73.600 93.957 74.527 94.043 2.736 2.758 3.511 3.554 0.092 -0.996 0 0
W istinat 74.527 94.043 75.455 94.128 2.758 2.780 3.554 3.600 0.092 -0.996 0 0
W istinat 75.455 94.128 76.382 94.213 2.780 2.780 3.600 3.734 0.092 -0.996 0 0
W istinat 76.382 94.213 77.291 94.086 2.780 2.780 3.736 3.853 -0.139 -0.990 0 0
W istinat 77.291 94.086 78.200 93.958 2.780 2.780 3.853 4.028 -0.139 -0.990 0 0
W istinat 78.200 93.958 79.109 93.830 2.780 2.780 4.028 4.245 -0.139 -0.990 0 0
W istinat 79.109 93.830 80.018 93.703 2.780 2.780 4.245 4.497 -0.139 -0.990 0 0
W istinat 80.018 93.703 80.926 93.575 2.780 2.780 4.497 4.758 -0.139 -0.990 0 0
W istinat 80.926 93.575 81.835 93.447 2.780 2.780 4.758 5.019 -0.139 -0.990 0 0
W istinat 87.086 92.710 88.047 92.712 2.588 2.473 5.782 5.805 0.002 -1.000 0 0
W istinat 88.047 92.712 89.008 92.714 2.473 2.358 5.805 5.810 0.002 -1.000 0 0
W istinat 89.008 92.714 89.969 92.715 2.358 2.242 5.810 5.795 0.002 -1.000 0 0
W istinat 89.969 92.715 90.929 92.717 2.242 2.127 5.795 5.776 0.002 -1.000 0 0
W dolgu 90.929 92.717 89.969 92.715 2.127 2.242 5.776 5.795 0.002 -1.000 0 0
W dolgu 89.969 92.715 89.008 92.714 2.242 2.358 5.795 5.810 0.002 -1.000 0 0
W dolgu 89.008 92.714 88.047 92.712 2.358 2.473 5.810 5.805 0.002 -1.000 0 0
W dolgu 88.047 92.712 87.086 92.710 2.473 2.588 5.805 5.782 0.002 -1.000 0 0
W dolgu 96.358 89.227 97.604 89.230 1.424 1.327 2.810 2.810 0.002 -1.000 1 0
W dolgu 97.604 89.230 98.413 89.231 1.327 1.236 2.810 2.810 0.002 -1.000 0 0
W dolgu 98.413 89.231 99.415 89.233 1.236 1.186 2.810 2.810 0.002 -1.000 0 0
W dolgu 99.415 89.233 100.417 89.235 1.186 1.136 2.810 2.810 0.002 -1.000 0 0
W dolgu 100.417 89.235 101.418 89.237 1.136 1.085 2.810 2.810 0.002 -1.000 0 0
W dolgu 101.418 89.237 101.481 88.186 1.082 1.079 2.810 2.810 -0.998 -0.059 0 0
W dolgu 101.481 88.186 101.543 87.136 1.079 1.076 2.810 2.810 -0.998 -0.059 0 0
W dolgu 101.543 87.136 101.606 86.085 1.076 1.073 2.810 2.810 -0.998 -0.059 0 0
W dolgu 101.606 86.085 101.668 85.034 1.073 1.070 2.810 2.810 -0.998 -0.059 0 0
W dolgu 101.668 85.034 101.731 83.984 1.070 1.067 2.810 2.810 -0.998 -0.059 0 0
W dolgu 101.731 83.984 101.793 82.933 1.067 1.064 2.810 2.810 -0.998 -0.059 0 0
W dolgu 101.793 82.933 101.856 81.882 1.064 1.061 2.810 2.810 -0.998 -0.059 0 0
W dolgu 101.856 81.882 101.918 80.832 1.061 1.058 2.810 2.810 -0.998 -0.059 0 0
W dolgu 101.918 80.832 100.720 80.761 1.025 1.671 1.362 2.800 0.059 -0.998 0 0
W dolgu 100.720 80.761 99.522 80.689 1.671 2.500 2.800 2.800 0.059 -0.998 0 0
W basamak 99.522 80.689 99.594 79.492 2.286 2.500 2.800 2.800 0.998 0.059 0 0
W dolgu 99.594 79.492 100.792 79.563 2.318 1.671 2.800 2.800 -0.059 0.998 0 0
W dolgu 100.792 79.563 101.989 79.634 1.671 2.404 2.800 2.800 -0.059 0.998 0 1
W basamak 101.940 80.457 102.025 79.035 1.057 2.330 1.357 2.800 0.998 0.059 1 0
W basamak 102.025 79.035 100.723 78.958 2.331 2.425 2.800 2.800 0.059 -0.998 0 1
W istinat 100.318 78.934 99.016 78.856 2.500 2.500 2.828 2.941 -0.059 0.998 1 0
W istinat 99.016 78.856 98.013 78.796 2.500 2.500 2.941 3.028 -0.059 0.998 0 0
W istinat 98.013 78.796 97.010 78.737 2.500 2.500 3.028 3.088 -0.059 0.998 0 0
W istinat 97.010 78.737 96.007 78.677 2.500 2.500 3.088 3.119 -0.059 0.998 0 0
W istinat 96.007 78.677 95.004 78.617 2.500 2.500 3.119 3.156 -0.059 0.998 0 0
W istinat 95.004 78.617 94.001 78.558 2.500 2.500 3.156 3.148 -0.059 0.998 0 0
W istinat 94.001 78.558 92.998 78.498 2.500 2.500 3.148 3.127 -0.059 0.998 0 0
W istinat 92.998 78.498 91.995 78.439 2.500 2.500 3.127 3.087 -0.059 0.998 0 0
W istinat 91.995 78.439 90.992 78.379 2.500 2.500 3.087 3.004 -0.059 0.998 0 0
W istinat 90.992 78.379 89.989 78.319 2.500 2.500 3.004 2.906 -0.059 0.998 0 0
W istinat 89.989 78.319 88.986 78.260 2.500 2.500 2.906 2.801 -0.059 0.998 0 0
W basamak 88.986 78.260 87.983 78.200 2.500 2.388 2.801 2.800 0.059 -0.998 0 0
W basamak 87.983 78.200 86.980 78.140 2.388 2.258 2.800 2.800 0.059 -0.998 0 0
W basamak 86.980 78.140 85.977 78.081 2.258 2.113 2.800 2.800 0.059 -0.998 0 0
W dolgu 85.977 78.081 84.974 78.021 2.113 1.895 2.800 2.800 0.059 -0.998 0 0
W dolgu 84.974 78.021 83.971 77.961 1.895 1.561 2.800 2.800 0.059 -0.998 0 0
W dolgu 83.971 77.961 82.968 77.902 1.561 1.153 2.800 2.800 0.059 -0.998 0 0
W dolgu 82.968 77.902 81.965 77.842 1.153 0.779 2.800 2.800 0.059 -0.998 0 0
W dolgu 81.965 77.842 80.962 77.782 0.779 0.526 2.800 2.800 0.059 -0.998 0 0
W dolgu 80.962 77.782 79.959 77.723 0.526 0.275 2.800 2.800 0.059 -0.998 0 0
W dolgu 79.959 77.723 78.956 77.663 0.275 0.128 2.800 2.800 0.059 -0.998 0 0
W dolgu 78.956 77.663 77.953 77.603 0.128 0.033 2.800 2.800 0.059 -0.998 0 0
W dolgu 77.953 77.603 76.950 77.544 0.033 -0.018 2.800 2.800 0.059 -0.998 0 0
W dolgu 76.950 77.544 75.947 77.484 -0.018 -0.019 2.800 2.800 0.059 -0.998 0 0
W dolgu 75.947 77.484 74.944 77.424 -0.019 -0.000 2.800 2.800 0.059 -0.998 0 0
W dolgu 74.944 77.424 73.941 77.365 -0.000 0.039 2.800 2.800 0.059 -0.998 0 0
W dolgu 73.941 77.365 72.938 77.305 0.039 0.097 2.800 2.800 0.059 -0.998 0 0
W dolgu 72.938 77.305 71.935 77.246 0.097 0.141 2.800 2.800 0.059 -0.998 0 0
W dolgu 71.935 77.246 70.932 77.186 0.141 0.207 2.800 2.800 0.059 -0.998 0 0
W dolgu 70.932 77.186 69.929 77.126 0.207 0.251 2.800 2.800 0.059 -0.998 0 0
W dolgu 69.929 77.126 68.926 77.067 0.251 0.304 2.800 2.800 0.059 -0.998 0 0
W dolgu 68.926 77.067 67.923 77.007 0.304 0.363 2.800 2.800 0.059 -0.998 0 0
W dolgu 67.923 77.007 66.920 76.947 0.363 0.469 2.800 3.764 0.059 -0.998 0 0
W dolgu 98.423 89.231 99.733 89.234 1.235 1.170 2.810 2.810 0.002 -1.000 1 1
W dolgu 122.974 80.281 122.917 81.241 0.057 -0.550 1.417 0.383 0.998 0.059 0 0
W dolgu 154.238 92.849 155.523 92.926 -1.666 -1.765 -0.240 -0.240 0.059 -0.998 1 0
W dolgu 155.523 92.926 157.058 93.017 -1.765 -2.557 -0.240 -0.240 0.059 -0.998 0 1
W dolgu 156.769 92.992 157.084 91.926 -2.573 -2.793 -0.250 -0.250 0.959 0.284 1 0
W dolgu 157.084 91.926 157.399 90.861 -2.793 -3.042 -0.250 -0.250 0.959 0.284 0 0
W dolgu 157.399 90.861 157.715 89.796 -3.042 -3.333 -0.250 -0.250 0.959 0.284 0 0
W dolgu 157.715 89.796 158.030 88.730 -3.333 -3.679 -0.250 -0.250 0.959 0.284 0 0
W dolgu 158.030 88.730 158.649 87.971 -3.671 -4.048 -0.250 -0.250 0.775 0.632 0 0
W dolgu 158.649 87.971 159.267 87.213 -4.048 -4.441 -0.250 -0.250 0.775 0.632 0 0
W dolgu 159.267 87.213 159.886 86.454 -4.441 -4.931 -0.250 -0.250 0.775 0.632 0 0
W dolgu 159.886 86.454 160.505 85.695 -4.931 -5.471 -0.250 -0.250 0.775 0.632 0 0
W dolgu 160.505 85.695 161.124 84.936 -5.471 -6.061 -0.250 -0.250 0.775 0.632 0 0
W dolgu 161.124 84.936 161.743 84.177 -6.061 -6.691 -0.250 -0.250 0.775 0.632 0 0
W dolgu 161.743 84.177 162.361 83.419 -6.691 -7.306 -0.250 -0.250 0.775 0.632 0 0
W dolgu 162.361 83.419 162.980 82.660 -7.306 -7.934 -0.250 -7.630 0.775 0.632 0 0
W dolgu 162.980 82.660 161.980 82.601 -7.929 -7.578 -7.607 -0.250 0.059 -0.998 0 0
W dolgu 161.980 82.601 160.980 82.541 -7.578 -7.213 -0.250 -0.250 0.059 -0.998 0 0
W dolgu 160.980 82.541 159.980 82.482 -7.213 -6.882 -0.250 -0.250 0.059 -0.998 0 0
W dolgu 159.980 82.482 158.979 82.422 -6.882 -6.567 -0.250 -0.250 0.059 -0.998 0 0
W dolgu 158.979 82.422 157.979 82.363 -6.567 -6.265 -0.250 -0.250 0.059 -0.998 0 0
W dolgu 157.979 82.363 156.979 82.303 -6.265 -6.089 -0.250 -0.250 0.059 -0.998 0 0
W dolgu 156.979 82.303 155.979 82.244 -6.089 -6.015 -0.250 -0.250 0.059 -0.998 0 0
W dolgu 155.979 82.244 154.979 82.184 -6.015 -5.978 -0.250 -0.250 0.059 -0.998 0 0
W dolgu 154.979 82.184 153.979 82.125 -5.978 -5.932 -0.250 -0.250 0.059 -0.998 0 0
W dolgu 153.979 82.125 152.978 82.065 -5.932 -5.878 -0.250 -0.250 0.059 -0.998 0 0
W dolgu 152.978 82.065 151.978 82.006 -5.878 -5.705 -0.250 -0.250 0.059 -0.998 0 0
W dolgu 151.978 82.006 150.978 81.946 -5.705 -5.387 -0.250 -0.250 0.059 -0.998 0 0
W dolgu 150.978 81.946 149.978 81.887 -5.387 -4.897 -0.250 -0.250 0.059 -0.998 0 0
W dolgu 149.978 81.887 148.978 81.827 -4.897 -4.550 -0.250 -0.250 0.059 -0.998 0 0
W dolgu 148.978 81.827 147.978 81.768 -4.550 -4.197 -0.250 -0.250 0.059 -0.998 0 0
W dolgu 147.978 81.768 146.978 81.708 -4.197 -3.979 -0.250 -0.250 0.059 -0.998 0 0
W dolgu 146.978 81.708 145.977 81.649 -3.979 -3.631 -0.250 -0.250 0.059 -0.998 0 0
W dolgu 145.977 81.649 144.977 81.589 -3.631 -3.353 -0.250 -0.250 0.059 -0.998 0 0
W dolgu 144.977 81.589 143.977 81.530 -3.353 -3.056 -0.250 -0.250 0.059 -0.998 0 0
W dolgu 143.977 81.530 142.977 81.470 -3.056 -2.792 -0.250 -0.250 0.059 -0.998 0 0
W dolgu 142.977 81.470 141.977 81.411 -2.792 -2.535 -0.250 -0.250 0.059 -0.998 0 0
W dolgu 141.977 81.411 140.977 81.351 -2.535 -2.275 -0.250 -0.250 0.059 -0.998 0 0
W dolgu 140.977 81.351 139.976 81.292 -2.275 -2.027 -0.250 -0.250 0.059 -0.998 0 0
W dolgu 139.976 81.292 138.976 81.232 -2.027 -1.816 -0.250 -0.250 0.059 -0.998 0 0
W dolgu 138.976 81.232 137.976 81.173 -1.816 -1.587 -0.250 -0.250 0.059 -0.998 0 0
W dolgu 137.976 81.173 136.976 81.114 -1.587 -1.338 -0.250 -0.250 0.059 -0.998 0 0
W dolgu 136.976 81.114 135.976 81.054 -1.338 -1.055 -0.250 -0.250 0.059 -0.998 0 0
W dolgu 135.976 81.054 134.976 80.995 -1.055 -0.763 -0.250 -0.250 0.059 -0.998 0 0
W basamak 134.976 80.995 133.976 80.935 -0.763 -0.550 -0.250 -0.170 0.059 -0.998 0 0
W istinat 133.976 80.935 132.975 80.876 -0.550 -0.550 -0.170 0.083 -0.059 0.998 0 0
W istinat 132.975 80.876 131.975 80.816 -0.550 -0.550 0.083 0.319 -0.059 0.998 0 0
W istinat 131.975 80.816 130.975 80.757 -0.550 -0.550 0.319 0.499 -0.059 0.998 0 0
W istinat 130.975 80.757 129.975 80.697 -0.550 -0.550 0.499 0.650 -0.059 0.998 0 0
W istinat 129.975 80.697 128.975 80.638 -0.550 -0.550 0.650 0.778 -0.059 0.998 0 0
W istinat 128.975 80.638 127.975 80.578 -0.550 -0.550 0.778 0.910 -0.059 0.998 0 0
W istinat 127.975 80.578 126.975 80.519 -0.550 -0.550 0.910 1.014 -0.059 0.998 0 0
W istinat 126.975 80.519 125.974 80.459 -0.550 -0.550 1.014 1.121 -0.059 0.998 0 0
W istinat 125.974 80.459 124.974 80.400 -0.550 -0.550 1.121 1.211 -0.059 0.998 0 0
W istinat 124.974 80.400 123.974 80.340 -0.550 -0.550 1.211 1.310 -0.059 0.998 0 0
W istinat 123.974 80.340 122.974 80.281 -0.550 0.054 1.310 1.411 -0.059 0.998 0 0
W istinat 125.389 94.607 125.707 94.633 -0.135 -0.160 2.752 2.703 0.083 -0.997 0 0
W istinat 125.707 94.633 126.092 94.665 -0.160 -0.191 2.703 2.644 0.083 -0.997 0 0
W dolgu 126.092 94.665 125.129 94.585 -0.191 -0.114 2.644 2.792 0.083 -0.997 0 0
W istinat 125.129 94.585 125.389 94.607 -0.114 -0.135 2.792 2.752 0.083 -0.997 0 0
W dolgu 131.286 95.098 130.230 95.010 -0.270 -0.270 1.713 1.912 0.083 -0.997 0 0
W dolgu 130.230 95.010 129.174 94.922 -0.270 -0.270 1.912 2.113 0.083 -0.997 0 0
W dolgu 129.174 94.922 128.118 94.834 -0.270 -0.270 2.113 2.305 0.083 -0.997 0 0
W dolgu 128.118 94.834 127.062 94.746 -0.270 -0.269 2.305 2.483 0.083 -0.997 0 0
W istinat 127.068 94.747 128.122 94.834 -0.269 -0.270 2.482 2.304 0.083 -0.997 0 0
W istinat 128.122 94.834 129.177 94.922 -0.270 -0.270 2.304 2.112 0.083 -0.997 0 0
W istinat 129.177 94.922 130.231 95.010 -0.270 -0.270 2.112 1.911 0.083 -0.997 0 0
W istinat 130.231 95.010 131.286 95.098 -0.270 -0.270 1.911 1.713 0.083 -0.997 0 0
W dolgu 23.939 85.101 22.854 85.036 6.000 6.000 6.708 6.832 0.059 -0.998 1 1
W dolgu 22.847 85.033 22.175 84.376 6.000 6.000 6.863 6.952 0.699 -0.715 1 0
W dolgu 22.175 84.376 21.502 83.718 6.000 6.000 6.952 7.564 0.699 -0.715 0 0
W dolgu 21.502 83.718 20.829 83.061 6.000 6.000 7.564 7.653 0.699 -0.715 0 0
W dolgu 20.829 83.061 20.157 82.404 6.000 6.000 7.653 7.742 0.699 -0.715 0 1
W dolgu 20.154 82.398 20.001 81.270 6.000 6.000 7.747 7.883 0.991 -0.135 1 0
W dolgu 20.001 81.270 19.847 80.142 6.000 6.000 7.883 7.949 0.991 -0.135 0 0
W dolgu 19.847 80.140 19.971 79.075 6.000 6.000 7.947 7.824 0.993 0.116 0 0
W dolgu 19.971 79.075 20.095 78.010 6.000 6.000 7.824 7.733 0.993 0.116 0 0
W dolgu 20.095 78.010 20.219 76.945 6.000 6.000 7.733 7.654 0.993 0.116 0 0
W dolgu 20.219 76.945 20.343 75.880 6.000 6.000 7.654 7.654 0.993 0.116 0 0
W dolgu 20.343 75.880 20.502 74.517 6.000 6.000 7.654 7.220 0.993 0.116 0 1
W istinat 15.764 79.776 15.117 80.485 7.545 7.619 8.422 8.742 0.739 0.674 0 0
W istinat 15.117 80.485 14.471 81.194 7.619 7.631 8.742 9.076 0.739 0.674 0 0
W istinat 14.471 81.194 13.824 81.903 7.631 7.601 9.076 9.406 0.739 0.674 0 0
W istinat 13.824 81.903 13.178 82.612 7.601 7.529 9.406 9.644 0.739 0.674 0 0
W istinat 13.178 82.612 12.531 83.320 7.529 7.455 9.644 9.837 0.739 0.674 0 0
W istinat 12.531 83.320 11.848 84.070 7.455 7.377 9.837 9.949 0.739 0.674 0 0
W istinat 11.848 84.070 11.164 84.820 7.377 7.299 9.949 10.062 0.739 0.674 0 0
W istinat 11.164 84.820 10.480 85.570 7.299 7.221 10.062 10.188 0.739 0.674 0 0
W istinat 10.480 85.570 10.211 85.991 7.221 7.176 10.189 10.255 0.843 0.538 0 0
W istinat 10.211 85.992 11.330 86.705 7.186 7.083 10.269 10.393 0.538 -0.843 0 0
W istinat 11.330 86.705 12.264 87.301 7.083 6.997 10.393 10.429 0.538 -0.843 0 0
W istinat 12.264 87.301 13.197 87.896 6.997 6.941 10.429 10.414 0.538 -0.843 0 0
W istinat 13.197 87.896 14.131 88.492 6.941 6.941 10.414 10.372 0.538 -0.843 0 0
W istinat 14.132 88.492 14.595 88.518 6.941 6.941 10.368 10.285 0.056 -0.998 0 0
W istinat 14.595 88.518 15.713 88.581 6.941 6.941 10.285 10.077 0.056 -0.998 0 0
W istinat 15.713 88.581 16.832 88.643 6.941 6.941 10.077 9.829 0.056 -0.998 0 0
W istinat 16.832 88.643 17.950 88.706 6.941 6.941 9.829 9.565 0.056 -0.998 0 0
W istinat 17.950 88.706 19.068 88.768 6.941 6.935 9.565 9.399 0.056 -0.998 0 0
W istinat 19.069 88.769 20.042 88.877 6.935 6.817 9.399 9.318 0.111 -0.994 0 0
W istinat 20.042 88.877 21.015 88.985 6.817 6.700 9.318 9.261 0.111 -0.994 0 0
W istinat 21.015 88.985 21.989 89.093 6.700 6.582 9.261 9.224 0.111 -0.994 0 0
W istinat 21.989 89.093 22.962 89.202 6.582 6.465 9.224 9.164 0.111 -0.994 0 0
W istinat 22.962 89.202 23.935 89.310 6.465 6.347 9.164 9.117 0.111 -0.994 0 0
W istinat 23.935 89.310 24.908 89.418 6.347 6.280 9.117 9.059 0.111 -0.994 0 0
W istinat 24.908 89.418 25.882 89.526 6.280 6.280 9.059 8.997 0.111 -0.994 0 0
W istinat 25.882 89.526 26.855 89.635 6.280 6.280 8.997 8.894 0.111 -0.994 0 0
W istinat 26.855 89.635 27.828 89.743 6.280 6.280 8.894 8.782 0.111 -0.994 0 0
W istinat 27.828 89.743 28.802 89.851 6.280 6.280 8.782 8.655 0.111 -0.994 0 0
W istinat 28.802 89.851 29.775 89.959 6.280 6.280 8.655 8.536 0.111 -0.994 0 0
W istinat 29.775 89.959 30.748 90.068 6.280 6.280 8.536 8.410 0.111 -0.994 0 0
W istinat 30.748 90.068 31.721 90.176 6.280 6.280 8.410 8.258 0.111 -0.994 0 0
W istinat 31.721 90.176 32.695 90.284 6.280 6.280 8.258 8.089 0.111 -0.994 0 0
W istinat 32.695 90.284 33.668 90.392 6.280 6.280 8.089 7.916 0.111 -0.994 0 0
W istinat 33.668 90.392 34.641 90.501 6.280 6.280 7.916 7.751 0.111 -0.994 0 0
W istinat 34.641 90.501 35.614 90.609 6.280 6.280 7.751 7.590 0.111 -0.994 0 0
W istinat 35.614 90.609 36.588 90.717 6.280 6.280 7.590 7.450 0.111 -0.994 0 0
W istinat 36.588 90.717 37.561 90.825 6.280 6.280 7.450 7.311 0.111 -0.994 0 0
W istinat 37.562 90.826 38.585 90.995 6.280 6.264 7.311 7.151 0.163 -0.987 0 0
W istinat 38.585 90.995 39.608 91.164 6.264 6.184 7.151 7.049 0.163 -0.987 0 0
W istinat 39.608 91.164 40.631 91.334 6.184 6.060 7.049 7.016 0.163 -0.987 0 0
W istinat 40.631 91.334 41.654 91.503 6.060 5.935 7.016 7.004 0.163 -0.987 0 0
W istinat 41.654 91.503 42.677 91.672 5.935 5.811 7.004 6.990 0.163 -0.987 0 0
W istinat 42.677 91.672 43.700 91.841 5.811 5.687 6.990 6.932 0.163 -0.987 0 0
W istinat 43.700 91.841 44.723 92.011 5.687 5.562 6.932 6.811 0.163 -0.987 0 0
W istinat 44.723 92.011 45.746 92.180 5.562 5.438 6.811 6.645 0.163 -0.987 0 0
W istinat 45.746 92.180 46.769 92.349 5.438 5.313 6.645 6.414 0.163 -0.987 0 0
W istinat 46.769 92.349 47.792 92.519 5.313 5.205 6.414 6.172 0.163 -0.987 0 0
W istinat 47.793 92.519 48.892 92.550 5.205 5.089 6.170 5.845 0.028 -1.000 0 0
W istinat 48.892 92.550 49.992 92.581 5.089 4.957 5.845 5.572 0.028 -1.000 0 0
W istinat 49.992 92.581 51.092 92.611 4.957 4.825 5.572 5.370 0.028 -1.000 0 0
W istinat 51.092 92.611 52.123 92.640 4.825 4.702 5.370 5.187 0.028 -1.000 0 0
W istinat 52.123 92.640 53.153 92.669 4.702 4.578 5.187 5.005 0.028 -1.000 0 0
W istinat 53.153 92.669 54.184 92.698 4.578 4.454 5.005 4.851 0.028 -1.000 0 1
W istinat 54.915 92.719 56.245 92.756 4.330 4.207 4.729 4.617 0.028 -1.000 1 0
W istinat 56.245 92.756 57.276 92.785 4.207 4.083 4.617 4.532 0.028 -1.000 0 0
W istinat 57.276 92.785 58.307 92.814 4.083 4.019 4.532 4.463 0.028 -1.000 0 0
W istinat 58.307 92.814 59.337 92.843 4.019 3.968 4.463 4.412 0.028 -1.000 0 0
W istinat 59.337 92.843 60.368 92.872 3.968 3.934 4.412 4.383 0.028 -1.000 0 0
W istinat 60.368 92.872 61.399 92.900 3.934 3.862 4.383 4.364 0.028 -1.000 0 0
W istinat 61.399 92.900 62.429 92.929 3.862 3.740 4.364 4.346 0.028 -1.000 0 0
W istinat 62.431 92.929 63.449 93.023 3.725 3.602 4.346 4.333 0.092 -0.996 0 0
W istinat 63.449 93.023 64.466 93.117 3.602 3.479 4.333 4.307 0.092 -0.996 0 0
W istinat 64.466 93.117 65.484 93.210 3.479 3.357 4.307 4.259 0.092 -0.996 0 0
W istinat 65.484 93.210 66.502 93.304 3.357 3.234 4.259 4.196 0.092 -0.996 0 0
W istinat 66.502 93.304 67.520 93.398 3.234 3.111 4.196 4.046 0.092 -0.996 0 0
W istinat 67.520 93.398 68.538 93.491 3.111 2.989 4.046 3.943 0.092 -0.996 0 0
W istinat 68.538 93.491 69.518 93.582 2.989 2.871 3.943 3.796 0.092 -0.996 0 0
W istinat 69.518 93.582 70.499 93.672 2.871 2.780 3.796 3.680 0.092 -0.996 0 0
W istinat 70.499 93.672 71.479 93.762 2.780 2.771 3.680 3.602 0.092 -0.996 0 0
W istinat 71.479 93.762 72.460 93.852 2.771 2.735 3.602 3.529 0.092 -0.996 0 0
W istinat 72.460 93.852 73.440 93.943 2.735 2.732 3.529 3.512 0.092 -0.996 0 0
W istinat 73.440 93.943 74.421 94.033 2.732 2.755 3.512 3.548 0.092 -0.996 0 0
W istinat 74.421 94.033 75.401 94.123 2.755 2.780 3.548 3.598 0.092 -0.996 0 0
W istinat 75.401 94.123 76.382 94.213 2.780 2.780 3.598 3.734 0.092 -0.996 0 0
W istinat 76.383 94.213 77.169 94.103 2.780 2.780 3.736 3.830 -0.139 -0.990 0 0
W istinat 77.169 94.103 78.198 93.958 2.780 2.780 3.830 4.028 -0.139 -0.990 0 0
W istinat 78.198 93.958 79.227 93.814 2.780 2.780 4.028 4.276 -0.139 -0.990 0 0
W istinat 79.227 93.814 80.256 93.669 2.780 2.780 4.276 4.564 -0.139 -0.990 0 0
W istinat 80.256 93.669 81.285 93.525 2.780 2.780 4.564 4.865 -0.139 -0.990 0 0
W istinat 81.285 93.525 82.314 93.380 2.780 2.780 4.865 5.151 -0.139 -0.990 0 0
W istinat 82.314 93.380 83.343 93.236 2.780 2.780 5.151 5.407 -0.139 -0.990 0 0
W istinat 83.343 93.236 84.372 93.091 2.780 2.780 5.407 5.596 -0.139 -0.990 0 0
W istinat 84.372 93.091 85.400 92.947 2.780 2.780 5.596 5.695 -0.139 -0.990 0 0
W istinat 85.400 92.947 86.242 92.828 2.780 2.717 5.695 5.759 -0.139 -0.990 0 0
W istinat 86.242 92.828 87.083 92.710 2.717 2.622 5.759 5.782 -0.139 -0.990 0 1
W istinat 87.086 92.710 88.097 92.712 2.588 2.467 5.782 5.806 0.002 -1.000 0 0
W istinat 88.097 92.712 89.107 92.714 2.467 2.346 5.806 5.809 0.002 -1.000 0 0
W istinat 89.107 92.714 90.118 92.716 2.346 2.224 5.809 5.792 0.002 -1.000 0 0
W istinat 90.118 92.716 91.129 92.718 2.224 2.103 5.792 5.772 0.002 -1.000 0 0
W istinat 91.129 92.718 92.140 92.720 2.103 1.982 5.772 5.754 0.002 -1.000 0 0
W istinat 92.140 92.720 93.151 92.721 1.982 1.860 5.754 5.738 0.002 -1.000 0 0
W istinat 93.151 92.721 94.162 92.723 1.860 1.739 5.738 5.719 0.002 -1.000 0 0
W istinat 94.162 92.723 95.173 92.725 1.739 1.618 5.719 5.693 0.002 -1.000 0 0
W istinat 95.173 92.725 96.183 92.727 1.618 1.496 5.693 5.661 0.002 -1.000 0 0
W istinat 96.183 92.727 97.194 92.729 1.496 1.375 5.661 5.622 0.002 -1.000 0 0
W istinat 97.194 92.729 98.205 92.731 1.375 1.254 5.622 5.577 0.002 -1.000 0 0
W istinat 98.205 92.731 99.160 92.733 1.254 1.198 5.577 5.524 0.002 -1.000 0 0
W istinat 99.160 92.733 100.115 92.735 1.198 1.150 5.524 5.458 0.002 -1.000 0 0
W istinat 100.115 92.735 101.069 92.736 1.150 1.103 5.458 5.391 0.002 -1.000 0 0
W istinat 101.069 92.736 102.024 92.738 1.103 1.055 5.391 5.313 0.002 -1.000 0 0
W istinat 102.024 92.738 102.978 92.740 1.055 1.007 5.313 5.230 0.002 -1.000 0 0
W istinat 102.979 92.740 103.993 92.824 0.999 0.948 5.231 5.145 0.083 -0.997 0 0
W istinat 103.993 92.824 105.007 92.909 0.948 0.897 5.145 5.048 0.083 -0.997 0 0
W istinat 105.007 92.909 106.020 92.993 0.897 0.846 5.048 4.948 0.083 -0.997 0 0
W istinat 106.020 92.993 107.034 93.078 0.846 0.796 4.948 4.842 0.083 -0.997 0 0
W istinat 107.034 93.078 108.048 93.162 0.796 0.745 4.842 4.721 0.083 -0.997 0 0
W istinat 108.048 93.162 109.061 93.246 0.745 0.694 4.721 4.601 0.083 -0.997 0 0
W istinat 109.061 93.246 110.075 93.331 0.694 0.643 4.601 4.485 0.083 -0.997 0 0
W istinat 110.075 93.331 111.089 93.415 0.643 0.592 4.485 4.374 0.083 -0.997 0 0
W istinat 111.089 93.415 112.102 93.500 0.592 0.541 4.374 4.246 0.083 -0.997 0 0
W istinat 112.102 93.500 113.116 93.584 0.541 0.490 4.246 4.133 0.083 -0.997 0 0
W istinat 113.116 93.584 114.130 93.669 0.490 0.439 4.133 4.018 0.083 -0.997 0 0
W istinat 114.130 93.669 115.143 93.753 0.439 0.389 4.018 3.897 0.083 -0.997 0 0
W istinat 115.143 93.753 116.157 93.837 0.389 0.338 3.897 3.786 0.083 -0.997 0 0
W istinat 116.157 93.837 116.648 93.878 0.338 0.313 3.786 3.731 0.083 -0.997 0 0
W istinat 116.648 93.878 118.053 93.995 0.313 0.243 3.731 3.594 0.083 -0.997 0 0
W istinat 118.053 93.995 119.074 94.080 0.243 0.191 3.594 3.485 0.083 -0.997 0 0
W istinat 119.074 94.080 120.095 94.166 0.191 0.140 3.485 3.386 0.083 -0.997 0 0
W istinat 120.095 94.166 121.117 94.251 0.140 0.089 3.386 3.284 0.083 -0.997 0 0
W istinat 121.117 94.251 122.138 94.336 0.089 0.038 3.284 3.171 0.083 -0.997 0 0
W istinat 122.138 94.336 123.135 94.419 0.038 -0.012 3.171 3.049 0.083 -0.997 0 0
W istinat 123.135 94.419 124.132 94.502 -0.012 -0.062 3.049 2.923 0.083 -0.997 0 0
W istinat 124.132 94.502 125.129 94.585 -0.062 -0.114 2.923 2.792 0.083 -0.997 0 0
W istinat 125.129 94.585 126.092 94.665 -0.114 -0.191 2.792 2.644 0.083 -0.997 0 0
W istinat 126.092 94.665 125.389 94.607 -0.191 -0.135 2.644 2.752 0.083 -0.997 0 0
W istinat 125.389 94.607 126.231 94.677 -0.135 -0.202 2.752 2.622 0.083 -0.997 0 0
W istinat 126.231 94.677 127.073 94.747 -0.202 -0.270 2.622 2.481 0.083 -0.997 0 0
W istinat 127.062 94.746 128.118 94.834 -0.269 -0.270 2.483 2.305 0.083 -0.997 0 0
W istinat 128.118 94.834 129.174 94.922 -0.270 -0.270 2.305 2.113 0.083 -0.997 0 0
W istinat 129.174 94.922 130.230 95.010 -0.270 -0.270 2.113 1.912 0.083 -0.997 0 0
W istinat 130.230 95.010 131.286 95.098 -0.270 -0.270 1.912 1.713 0.083 -0.997 0 0
W istinat 131.286 95.098 132.318 95.196 -0.270 -0.270 1.713 1.493 0.094 -0.996 0 0
W istinat 132.318 95.196 133.351 95.294 -0.270 -0.270 1.493 1.262 0.094 -0.996 0 0
W istinat 133.351 95.294 134.383 95.392 -0.270 -0.270 1.262 1.033 0.094 -0.996 0 0
W istinat 134.383 95.392 135.416 95.490 -0.270 -0.270 1.033 0.804 0.094 -0.996 0 0
W istinat 135.416 95.490 136.448 95.588 -0.270 -0.305 0.804 0.585 0.094 -0.996 0 0
W istinat 136.448 95.588 137.481 95.686 -0.305 -0.388 0.585 0.385 0.094 -0.996 0 0
W istinat 137.481 95.686 138.513 95.783 -0.388 -0.471 0.385 0.184 0.094 -0.996 0 0
W istinat 138.513 95.783 139.546 95.881 -0.471 -0.554 0.184 0.002 0.094 -0.996 0 0
W istinat 139.546 95.881 140.578 95.979 -0.554 -0.632 0.002 -0.167 0.094 -0.996 0 0
W istinat 140.579 95.979 141.944 96.022 -0.632 -0.712 -0.168 -0.339 0.031 -1.000 0 1
W basamak 143.774 96.080 144.839 96.113 -0.943 -1.087 -0.550 -0.618 -0.031 1.000 1 0
W basamak 144.839 96.113 145.904 96.147 -1.087 -1.230 -0.618 -0.704 -0.031 1.000 0 0
W basamak 145.904 96.147 146.969 96.180 -1.230 -1.359 -0.704 -0.789 -0.031 1.000 0 0
W basamak 146.969 96.180 147.963 96.211 -1.359 -1.466 -0.789 -0.868 -0.031 1.000 0 0
W basamak 147.963 96.211 148.957 96.242 -1.466 -1.559 -0.868 -0.948 -0.031 1.000 0 0
W basamak 148.957 96.242 149.951 96.274 -1.559 -1.654 -0.948 -1.027 -0.031 1.000 0 0
W basamak 149.951 96.274 150.945 96.305 -1.654 -1.737 -1.027 -1.107 -0.031 1.000 0 0
W basamak 150.945 96.305 151.939 96.336 -1.737 -1.804 -1.107 -1.187 -0.031 1.000 0 0
W basamak 151.939 96.336 152.933 96.367 -1.804 -1.851 -1.187 -1.266 -0.031 1.000 0 0
W basamak 152.933 96.367 153.927 96.399 -1.851 -1.859 -1.266 -1.346 -0.031 1.000 0 0
W basamak 153.927 96.399 154.921 96.430 -1.859 -1.862 -1.346 -1.425 -0.031 1.000 0 0
W basamak 154.921 96.430 155.874 96.460 -1.862 -1.871 -1.425 -1.502 -0.031 1.000 0 0
W basamak 155.874 96.460 155.890 95.960 -1.887 -2.014 -1.497 -1.497 1.000 0.031 0 0
W basamak 155.890 95.960 156.180 94.981 -2.012 -2.177 -1.471 -1.491 0.959 0.284 0 0
W dolgu 156.180 94.981 156.469 94.003 -2.177 -2.357 -1.491 -1.502 0.959 0.284 0 0
W dolgu 156.469 94.003 156.759 93.024 -2.357 -2.566 -1.502 -0.250 0.959 0.284 0 1
W dolgu 156.681 93.287 157.082 91.932 -2.571 -2.792 -0.250 -0.250 0.959 0.284 1 0
W dolgu 157.082 91.932 157.398 90.865 -2.792 -3.041 -0.250 -0.250 0.959 0.284 0 0
W dolgu 157.398 90.865 157.714 89.798 -3.041 -3.333 -0.250 -0.250 0.959 0.284 0 0
W dolgu 157.714 89.798 158.030 88.730 -3.333 -3.679 -0.250 -0.250 0.959 0.284 0 0
W basamak 127.151 91.241 126.191 91.161 -0.600 -0.550 0.056 0.124 0.083 -0.997 1 0
W basamak 126.191 91.161 125.337 91.090 -0.550 -0.550 0.124 0.192 0.083 -0.997 0 0
W basamak 125.337 91.090 124.340 91.007 -0.550 -0.550 0.192 0.242 0.083 -0.997 0 0
W dolgu 124.340 91.007 123.343 90.924 -0.550 -0.550 0.242 0.292 0.083 -0.997 0 0
W dolgu 123.343 90.924 122.346 90.841 -0.550 -0.550 0.292 0.342 0.083 -0.997 0 0
W dolgu 122.346 90.841 122.403 89.881 -0.550 -0.550 0.362 0.363 0.998 0.059 0 0
W dolgu 122.403 89.881 122.460 88.921 -0.550 -0.550 0.363 0.364 0.998 0.059 0 0
W dolgu 122.460 88.921 122.517 87.961 -0.550 -0.550 0.364 0.365 0.998 0.059 0 0
W dolgu 122.517 87.961 122.574 87.001 -0.550 -0.550 0.365 0.366 0.998 0.059 0 0
W dolgu 122.574 87.001 122.631 86.041 -0.550 -0.550 0.366 0.368 0.998 0.059 0 0
W dolgu 122.631 86.041 122.689 85.081 -0.550 -0.550 0.368 0.369 0.998 0.059 0 0
W dolgu 122.689 85.081 122.746 84.121 -0.550 -0.550 0.369 0.370 0.998 0.059 0 0
W dolgu 122.746 84.121 122.803 83.161 -0.550 -0.550 0.370 0.371 0.998 0.059 0 0
W dolgu 122.803 83.161 122.860 82.201 -0.550 -0.550 0.371 0.372 0.998 0.059 0 0
W dolgu 122.860 82.201 122.917 81.241 -0.550 -0.550 0.372 0.373 0.998 0.059 0 0
W istinat 122.974 80.281 121.976 80.222 0.054 0.104 1.411 1.510 -0.059 0.998 0 0
W istinat 121.976 80.222 120.979 80.162 0.104 0.154 1.510 1.602 -0.059 0.998 0 0
W istinat 120.979 80.162 119.981 80.103 0.154 0.204 1.602 1.689 -0.059 0.998 0 0
W istinat 119.981 80.103 118.984 80.044 0.204 0.254 1.689 1.776 -0.059 0.998 0 0
W istinat 118.984 80.044 117.986 79.984 0.254 0.304 1.776 1.852 -0.059 0.998 0 0
W istinat 117.986 79.984 116.989 79.925 0.304 0.354 1.852 1.921 -0.059 0.998 0 0
W istinat 116.989 79.925 115.991 79.866 0.354 0.404 1.921 1.977 -0.059 0.998 0 0
W istinat 115.991 79.866 114.993 79.806 0.404 0.454 1.977 2.029 -0.059 0.998 0 0
W istinat 114.993 79.806 113.996 79.747 0.454 0.504 2.029 2.086 -0.059 0.998 0 0
W istinat 113.996 79.747 112.998 79.688 0.504 0.554 2.086 2.141 -0.059 0.998 0 0
W istinat 112.998 79.688 112.001 79.628 0.554 0.604 2.141 2.200 -0.059 0.998 0 0
W istinat 112.001 79.628 111.003 79.569 0.604 0.654 2.200 2.247 -0.059 0.998 0 0
W istinat 111.003 79.569 110.006 79.510 0.654 0.704 2.247 2.285 -0.059 0.998 0 0
W istinat 110.006 79.510 109.008 79.450 0.704 0.754 2.285 2.306 -0.059 0.998 0 0
W istinat 109.008 79.450 108.010 79.391 0.754 0.804 2.306 2.326 -0.059 0.998 0 0
W istinat 108.010 79.391 107.013 79.332 0.804 0.854 2.326 2.346 -0.059 0.998 0 0
W istinat 107.013 79.332 106.015 79.272 0.854 0.903 2.346 2.376 -0.059 0.998 0 0
W istinat 106.015 79.272 105.018 79.213 0.903 0.953 2.376 2.413 -0.059 0.998 0 0
W istinat 105.018 79.213 104.020 79.154 0.953 1.003 2.413 2.464 -0.059 0.998 0 0
W istinat 104.020 79.154 103.023 79.094 1.003 1.006 2.464 2.541 -0.059 0.998 0 0
W istinat 103.023 79.094 102.025 79.035 1.006 2.331 2.541 2.800 -0.059 0.998 0 0
W istinat 101.982 79.756 101.904 81.075 1.056 1.059 1.540 2.800 0.998 0.059 1 1
W dolgu 68.879 87.760 68.894 87.499 2.500 2.500 3.359 3.360 0.998 0.059 1 0
W dolgu 68.894 87.499 68.035 87.416 2.500 2.500 3.312 3.416 0.096 -0.995 0 0
W dolgu 68.035 87.416 67.176 87.334 2.500 2.500 3.416 3.519 0.096 -0.995 0 0
W dolgu 67.176 87.334 66.318 87.251 2.500 2.500 3.519 3.623 0.096 -0.995 0 0
W dolgu 66.317 87.251 66.379 86.222 2.500 2.500 3.671 3.937 0.998 0.059 0 0
W dolgu 66.379 86.222 66.440 85.193 2.500 2.500 3.937 4.200 0.998 0.059 0 0
W dolgu 66.440 85.193 66.501 84.163 2.500 2.500 4.200 4.312 0.998 0.059 0 0
W dolgu 66.501 84.163 66.562 83.134 2.500 2.500 4.312 4.312 0.998 0.059 0 0
W dolgu 66.562 83.134 66.623 82.105 2.500 2.500 4.312 4.312 0.998 0.059 0 0
W dolgu 66.623 82.105 66.685 81.075 2.500 2.500 4.312 4.312 0.998 0.059 0 0
W dolgu 66.685 81.075 66.746 80.046 2.500 2.500 4.312 4.312 0.998 0.059 0 0
W dolgu 66.746 80.046 66.807 79.017 2.500 2.500 4.312 4.215 0.998 0.059 0 0
W dolgu 66.807 79.017 66.868 77.987 2.500 2.500 4.215 3.975 0.998 0.059 0 0
W dolgu 66.868 77.987 66.947 76.658 2.500 2.500 3.975 3.805 0.998 0.059 0 1
W dolgu 66.920 76.947 65.874 76.885 0.469 0.634 3.764 4.023 0.059 -0.998 0 0
W dolgu 65.874 76.885 64.828 76.823 0.634 0.829 4.023 4.254 0.059 -0.998 0 0
W dolgu 64.828 76.823 63.782 76.761 0.829 1.063 4.254 4.312 0.059 -0.998 0 0
W dolgu 63.782 76.761 62.735 76.698 1.063 1.293 4.312 4.312 0.059 -0.998 0 0
W dolgu 62.735 76.698 61.689 76.636 1.293 1.532 4.312 4.312 0.059 -0.998 0 0
W dolgu 61.689 76.636 60.643 76.574 1.532 1.776 4.312 4.312 0.059 -0.998 0 0
W dolgu 60.643 76.574 59.597 76.512 1.776 2.037 4.312 4.312 0.059 -0.998 0 0
W dolgu 59.597 76.512 58.551 76.450 2.037 2.298 4.312 4.315 0.059 -0.998 0 0
W dolgu 58.551 76.450 57.505 76.387 2.298 2.554 4.315 4.369 0.059 -0.998 0 0
W dolgu 57.505 76.387 56.458 76.325 2.554 2.794 4.369 4.532 0.059 -0.998 0 0
