B 10.211 85.992 12.171 87.242 10.492 -0.5377 0.8431 10.341
B 12.171 87.242 14.131 88.492 10.511 -0.5377 0.8431 10.489
B 14.131 88.492 16.600 88.630 10.458 -0.0559 0.9984 9.973
B 16.600 88.630 19.068 88.768 9.973 -0.0559 0.9984 9.505
B 19.068 88.768 21.380 89.026 9.507 -0.1105 0.9939 9.305
B 21.380 89.026 23.692 89.283 9.305 -0.1105 0.9939 9.167
B 23.692 89.283 26.003 89.540 9.167 -0.1105 0.9939 9.034
B 26.003 89.540 28.315 89.797 9.034 -0.1105 0.9939 8.776
B 28.315 89.797 30.627 90.054 8.776 -0.1105 0.9939 8.475
B 30.627 90.054 32.938 90.311 8.475 -0.1105 0.9939 8.086
B 32.938 90.311 35.250 90.568 8.086 -0.1105 0.9939 7.698
B 35.250 90.568 37.561 90.825 7.698 -0.1105 0.9939 7.377
B 37.561 90.825 39.608 91.164 7.381 -0.1633 0.9866 7.190
B 39.608 91.164 41.654 91.503 7.196 -0.1633 0.9866 7.180
B 41.654 91.503 43.700 91.841 7.182 -0.1633 0.9866 7.114
B 43.700 91.841 45.746 92.180 7.114 -0.1633 0.9866 6.844
B 45.746 92.180 47.792 92.519 6.844 -0.1633 0.9866 6.354
B 47.792 92.519 50.232 92.587 6.330 -0.0280 0.9996 5.635
B 50.232 92.587 52.671 92.656 5.635 -0.0280 0.9996 5.176
B 52.671 92.656 55.111 92.724 5.176 -0.0280 0.9996 4.805
B 55.111 92.724 57.551 92.793 4.805 -0.0280 0.9996 4.569
B 57.551 92.793 59.990 92.861 4.569 -0.0280 0.9996 4.451
B 59.990 92.861 62.430 92.929 4.451 -0.0280 0.9996 4.402
B 62.430 92.929 64.755 93.143 4.402 -0.0916 0.9958 4.362
B 64.755 93.143 67.081 93.357 4.362 -0.0916 0.9958 4.191
B 67.081 93.357 69.406 93.571 4.191 -0.0916 0.9958 3.948
B 69.406 93.571 71.731 93.785 3.948 -0.0916 0.9958 3.732
B 71.731 93.785 74.057 93.999 3.732 -0.0916 0.9958 3.652
B 74.057 93.999 76.382 94.213 3.860 -0.0916 0.9958 3.652
B 76.382 94.213 78.523 93.913 4.250 0.1391 0.9903 3.878
B 78.523 93.913 80.663 93.612 4.833 0.1391 0.9903 4.250
B 80.663 93.612 82.803 93.311 5.428 0.1391 0.9903 4.833
B 82.803 93.311 84.944 93.011 5.798 0.1391 0.9903 5.428
B 84.944 93.011 87.084 92.710 5.897 0.1391 0.9903 5.798
B 87.084 92.710 89.355 92.714 5.922 -0.0019 1.0000 5.894
B 89.355 92.714 91.626 92.719 5.913 -0.0019 1.0000 5.855
B 91.626 92.719 93.896 92.723 5.855 -0.0019 1.0000 5.815
B 93.896 92.723 96.167 92.727 5.815 -0.0019 1.0000 5.753
B 96.167 92.727 98.438 92.731 5.753 -0.0019 1.0000 5.652
B 98.438 92.731 100.708 92.736 5.652 -0.0019 1.0000 5.502
B 100.708 92.736 102.979 92.740 5.502 -0.0019 1.0000 5.318
B 102.979 92.740 105.257 92.930 5.322 -0.0830 0.9966 5.124
B 105.257 92.930 107.535 93.119 5.124 -0.0830 0.9966 4.884
B 107.535 93.119 109.814 93.309 4.884 -0.0830 0.9966 4.611
B 109.814 93.309 112.092 93.499 4.611 -0.0830 0.9966 4.334
B 112.092 93.499 114.370 93.689 4.334 -0.0830 0.9966 4.060
B 114.370 93.689 116.648 93.878 4.060 -0.0830 0.9966 3.796
B 116.648 93.878 119.088 94.082 3.796 -0.0830 0.9965 3.536
B 119.088 94.082 121.528 94.285 3.536 -0.0830 0.9965 3.296
B 121.528 94.285 123.967 94.488 3.296 -0.0830 0.9965 3.014
B 123.967 94.488 126.407 94.691 3.014 -0.0830 0.9965 2.679
B 126.407 94.691 128.846 94.895 2.679 -0.0830 0.9965 2.278
B 128.846 94.895 131.286 95.098 2.278 -0.0830 0.9965 1.809
B 131.286 95.098 133.609 95.318 1.810 -0.0944 0.9955 1.297
B 133.609 95.318 135.932 95.539 1.297 -0.0944 0.9955 0.795
B 135.932 95.539 138.255 95.759 0.795 -0.0944 0.9955 0.326
B 138.255 95.759 140.579 95.979 0.326 -0.0944 0.9955 -0.042
B 140.579 95.979 142.764 96.048 -0.048 -0.0314 0.9995 -0.375
B 142.764 96.048 144.949 96.117 -0.375 -0.0314 0.9995 -0.667
B 144.949 96.117 147.134 96.185 -0.250 -0.0314 0.9995 -0.827
B 147.134 96.185 149.319 96.254 -0.250 -0.0314 0.9995 -0.250
B 149.319 96.254 151.504 96.322 -0.250 -0.0314 0.9995 -0.250
B 151.504 96.322 153.689 96.391 -0.250 -0.0314 0.9995 -0.250
B 153.689 96.391 155.874 96.460 -0.250 -0.0314 0.9995 -0.250
B 155.874 96.460 156.413 94.527 -0.250 0.9632 0.2686 -0.250
B 156.413 94.527 156.952 92.595 -0.250 0.9632 0.2686 -0.250
B 156.952 92.595 157.491 90.662 -0.250 0.9632 0.2686 -0.250
B 157.491 90.662 158.030 88.730 -0.250 0.9632 0.2686 -0.250
B 158.030 88.730 159.267 87.213 -0.250 0.7750 0.6320 -0.250
B 159.267 87.213 160.505 85.695 -0.250 0.7750 0.6320 -0.250
B 160.505 85.695 161.743 84.177 -0.250 0.7750 0.6320 -0.250
B 161.743 84.177 162.980 82.660 -0.250 0.7750 0.6320 -7.620
B 15.094 80.561 13.467 82.371 8.930 -0.7436 -0.6686 7.976
B 13.467 82.371 11.839 84.181 9.897 -0.7436 -0.6686 8.930
B 11.839 84.181 10.211 85.992 10.296 -0.7436 -0.6686 9.897
