Y 125.248 92.588 -0.0830 0.9965 -0.150
Y 126.244 92.671 -0.0830 0.9965 -0.200
Y 127.241 92.754 -0.0830 0.9965 -0.250
Y 128.237 92.837 -0.0830 0.9965 -0.250
Y 129.234 92.920 -0.0830 0.9965 -0.250
Y 130.230 93.003 -0.0830 0.9965 -0.250
Y 131.227 93.086 -0.0860 0.9963 -0.250
Y 132.223 93.178 -0.0944 0.9955 -0.250
Y 133.218 93.272 -0.0944 0.9955 -0.294
Y 134.214 93.367 -0.0944 0.9955 -0.344
Y 135.209 93.461 -0.0944 0.9955 -0.394
Y 136.205 93.556 -0.0944 0.9955 -0.444
Y 137.200 93.650 -0.0944 0.9955 -0.494
Y 138.196 93.744 -0.0944 0.9955 -0.544
Y 139.191 93.839 -0.0944 0.9955 -0.594
Y 140.187 93.933 -0.0944 0.9955 -0.644
Y 141.184 93.997 -0.0327 0.9995 -0.694
Y 142.184 94.029 -0.0314 0.9995 -0.744
Y 143.183 94.060 -0.0314 0.9995 -0.794
Y 144.183 94.091 -0.0314 0.9995 -0.844
Y 145.182 94.123 -0.0314 0.9995 -0.894
Y 146.182 94.154 -0.0314 0.9995 -0.944
Y 147.181 94.186 -0.0314 0.9995 -0.994
D 126.344 91.475 -0.200
D 126.244 92.671 -0.200
D 126.144 93.867 -0.200
