H 42.551 65.858 42.814 61.517 3.495
H 50.359 69.276 50.799 61.999 3.495
H 58.523 66.824 58.785 62.482 3.495
H 67.841 63.430 33.573 61.359 3.495
H 75.984 67.908 76.248 63.537 1.575
H 83.791 71.325 84.233 64.020 1.575
H 91.955 68.873 92.219 64.502 1.575
H 101.367 65.456 67.142 63.388 1.575
H 132.053 77.365 132.532 77.393 0.246
H 132.532 77.393 135.078 77.545 0.246
H 135.078 77.545 135.479 70.915 0.246
H 109.602 69.908 109.865 65.569 0.246
H 117.410 73.325 117.850 66.051 0.246
H 125.574 70.873 125.836 66.534 0.246
H 135.582 67.523 100.668 65.414 0.246
