B 150.341 76.097 148.441 75.216 -1.556 0.4208 -0.9072 -1.645
B 148.441 75.216 146.540 74.334 -1.459 0.4208 -0.9072 -1.556
B 146.540 74.334 144.640 73.453 -1.362 0.4208 -0.9072 -1.459
B 144.640 73.453 142.740 72.571 -1.264 0.4208 -0.9072 -1.362
B 142.740 72.571 140.840 71.690 -1.167 0.4208 -0.9072 -1.264
B 140.840 71.690 138.963 70.143 -1.065 0.6360 -0.7717 -1.163
B 138.963 70.143 137.087 68.597 -0.967 0.6360 -0.7717 -1.065
B 137.087 68.597 135.210 67.050 0.246 0.6360 -0.7717 -0.967
B 135.210 67.050 132.732 66.900 0.246 0.0603 -0.9982 0.246
B 132.732 66.900 130.253 66.750 0.246 0.0603 -0.9982 0.246
B 130.253 66.750 127.775 66.601 0.246 0.0603 -0.9982 0.246
B 127.775 66.601 125.297 66.451 0.246 0.0603 -0.9982 0.246
B 125.297 66.451 122.819 66.301 0.246 0.0603 -0.9982 0.246
B 122.819 66.301 120.340 66.151 0.246 0.0603 -0.9982 0.246
B 120.340 66.151 117.862 66.002 0.246 0.0603 -0.9982 0.246
B 117.862 66.002 115.384 65.852 0.601 0.0603 -0.9982 0.246
B 115.384 65.852 112.905 65.702 0.669 0.0603 -0.9982 0.601
B 112.905 65.702 110.427 65.552 0.707 0.0603 -0.9982 0.668
B 110.427 65.552 107.949 65.403 0.758 0.0603 -0.9982 0.707
B 107.949 65.403 105.470 65.253 0.782 0.0603 -0.9982 0.758
B 105.470 65.253 102.992 65.103 0.782 0.0603 -0.9982 0.725
B 102.992 65.103 100.514 64.953 1.575 0.0603 -0.9982 0.712
B 100.514 64.953 98.036 64.804 1.575 0.0603 -0.9982 1.575
B 98.036 64.804 95.557 64.654 1.575 0.0603 -0.9982 1.575
B 95.557 64.654 93.079 64.504 1.575 0.0603 -0.9982 1.575
B 93.079 64.504 90.601 64.354 1.575 0.0603 -0.9982 1.575
B 90.601 64.354 88.122 64.205 1.575 0.0603 -0.9982 1.575
B 88.122 64.205 85.644 64.055 1.575 0.0603 -0.9982 1.575
B 85.644 64.055 83.166 63.905 1.575 0.0603 -0.9982 1.575
B 83.166 63.905 80.688 63.755 1.575 0.0603 -0.9982 1.575
B 80.688 63.755 78.209 63.606 1.575 0.0603 -0.9982 1.575
B 78.209 63.606 75.731 63.456 1.575 0.0603 -0.9982 1.575
B 75.731 63.456 73.253 63.306 1.575 0.0603 -0.9982 1.575
B 73.253 63.306 70.774 63.156 1.575 0.0603 -0.9982 1.575
B 70.774 63.156 68.296 63.007 1.575 0.0603 -0.9982 1.575
B 68.296 63.007 65.818 62.857 3.495 0.0603 -0.9982 1.575
B 65.818 62.857 63.340 62.707 3.495 0.0603 -0.9982 3.495
B 63.340 62.707 60.861 62.557 3.495 0.0603 -0.9982 3.495
B 60.861 62.557 58.383 62.408 3.495 0.0603 -0.9982 3.495
B 58.383 62.408 55.905 62.258 3.613 0.0603 -0.9982 3.495
B 55.905 62.258 53.426 62.108 4.014 0.0603 -0.9982 3.613
B 53.426 62.108 50.948 61.958 4.305 0.0603 -0.9982 4.014
B 50.948 61.958 48.470 61.809 4.433 0.0603 -0.9982 4.305
B 48.470 61.809 45.991 61.659 4.512 0.0603 -0.9982 4.433
B 45.991 61.659 43.513 61.509 4.613 0.0603 -0.9982 4.512
B 43.513 61.509 41.035 61.359 4.771 0.0603 -0.9982 4.613
B 41.035 61.359 38.557 61.210 5.038 0.0603 -0.9982 4.771
B 38.557 61.210 36.078 61.060 5.379 0.0603 -0.9982 5.038
B 36.078 61.060 33.600 60.910 5.703 0.0603 -0.9982 5.379
B 33.600 60.910 32.520 62.227 5.735 -0.7732 -0.6342 5.717
B 30.360 64.860 28.810 66.420 6.026 -0.7094 -0.7048 5.822
B 28.810 66.420 27.260 67.980 6.208 -0.7094 -0.7048 6.026
