W istinat_m 136.027 69.295 134.231 69.187 -1.240 -1.240 0.256 0.256 0.060 -0.998 0 0
W istinat_m 135.955 70.493 134.158 70.385 -1.240 -1.240 0.256 0.256 -0.060 0.998 0 0
W dolgu 27.299 70.044 26.229 68.597 3.195 3.195 5.983 6.237 -0.804 0.594 0 1
W basamak 98.164 75.800 99.272 75.866 1.014 0.880 1.570 1.570 0.059 -0.998 1 0
W dolgu 99.272 75.866 100.381 75.932 0.880 0.747 1.570 1.570 0.059 -0.998 0 0
W dolgu 64.636 73.745 65.773 73.814 2.288 2.157 3.490 3.490 0.060 -0.998 1 0
W dolgu 65.773 73.814 66.859 73.880 2.157 2.027 3.490 3.490 0.060 -0.998 0 0
W dolgu 149.391 75.656 148.441 75.216 -6.510 -6.510 -1.603 -1.555 0.421 -0.907 0 0
W dolgu 147.491 74.775 146.540 74.334 -6.457 -6.330 -1.506 -1.457 0.421 -0.907 0 0
W dolgu 144.640 73.453 143.690 73.012 -5.878 -5.602 -1.360 -1.311 0.421 -0.907 0 0
W dolgu 142.740 72.571 141.790 72.131 -5.198 -4.653 -1.262 -1.214 0.421 -0.907 0 0
W dolgu 150.341 76.097 149.391 75.656 -6.512 -6.510 -1.644 -1.603 0.421 -0.907 0 0
W dolgu 148.441 75.216 147.491 74.775 -6.510 -6.457 -1.555 -1.506 0.421 -0.907 0 0
W dolgu 146.540 74.334 145.590 73.894 -6.330 -6.129 -1.457 -1.408 0.421 -0.907 0 0
W dolgu 143.690 73.012 142.740 72.571 -5.602 -5.198 -1.311 -1.262 0.421 -0.907 0 0
W dolgu 141.790 72.131 140.840 71.690 -4.653 -4.157 -1.214 -1.165 0.421 -0.907 0 0
W dolgu 145.590 73.894 144.640 73.453 -6.129 -5.878 -1.408 -1.360 0.421 -0.907 0 0
W dolgu 140.840 71.690 140.036 71.027 -4.163 -3.698 -1.160 -1.118 0.636 -0.772 0 0
W dolgu 139.231 70.364 138.427 69.701 -3.375 -3.317 -1.076 -1.034 0.636 -0.772 0 0
W dolgu 137.623 69.039 136.819 68.376 -3.705 -4.526 -0.992 -0.950 0.636 -0.772 0 0
W dolgu 136.014 67.713 135.210 67.050 -5.281 -5.725 0.246 0.246 0.636 -0.772 0 0
W dolgu 140.036 71.027 139.231 70.364 -3.698 -3.375 -1.118 -1.076 0.636 -0.772 0 0
W dolgu 138.427 69.701 137.623 69.039 -3.317 -3.705 -1.034 -0.992 0.636 -0.772 0 0
W dolgu 136.819 68.376 136.014 67.713 -4.526 -5.281 -0.950 0.246 0.636 -0.772 0 0
W basamak 121.493 80.193 122.513 80.253 -0.211 -0.262 0.089 0.178 -0.059 0.998 1 0
W basamak 126.593 80.496 127.913 80.575 -0.550 -0.550 -0.085 -0.208 -0.059 0.998 0 1
W dolgu 122.513 80.253 123.533 80.314 -0.262 -0.550 0.221 0.283 -0.059 0.998 0 0
W basamak 125.573 80.435 126.593 80.496 -0.550 -0.550 0.037 -0.085 -0.059 0.998 0 0
W dolgu 123.533 80.314 124.553 80.375 -0.550 -0.550 0.283 0.160 -0.059 0.998 0 0
W basamak 124.553 80.375 125.573 80.435 -0.550 -0.550 0.160 0.037 -0.059 0.998 0 0
W istinat 33.790 60.678 32.952 61.700 3.195 3.195 5.643 5.631 -0.773 -0.634 1 0
W istinat 32.952 61.700 32.114 62.722 3.195 3.195 5.631 5.650 -0.773 -0.634 0 1
W dolgu 135.210 67.050 134.205 66.989 -5.713 -5.350 0.246 0.246 0.060 -0.998 0 0
W dolgu 133.200 66.929 132.195 66.868 -1.451 -1.404 0.246 0.246 0.060 -0.998 0 0
W dolgu 132.195 66.868 131.191 66.807 -1.404 -1.354 0.246 0.246 0.060 -0.998 0 0
W dolgu 129.181 66.686 128.176 66.625 -1.253 -1.203 0.246 0.246 0.060 -0.998 0 0
W dolgu 125.161 66.443 124.156 66.382 -1.052 -1.002 0.246 0.246 0.060 -0.998 0 0
W dolgu 121.142 66.200 120.137 66.139 -0.850 -0.800 0.246 0.246 0.060 -0.998 0 0
W dolgu 118.127 66.018 117.122 65.957 -0.700 -0.646 0.246 0.246 0.060 -0.998 0 0
W dolgu 131.191 66.807 130.186 66.746 -1.354 -1.303 0.246 0.246 0.060 -0.998 0 0
W dolgu 128.176 66.625 127.171 66.564 -1.203 -1.153 0.246 0.246 0.060 -0.998 0 0
W dolgu 123.152 66.321 122.147 66.261 -0.951 -0.901 0.246 0.246 0.060 -0.998 0 0
W dolgu 117.122 65.957 116.117 65.896 -0.646 -0.575 0.246 0.246 0.060 -0.998 0 0
W basamak 114.108 65.775 113.103 65.714 -0.346 -0.225 0.246 0.246 0.060 -0.998 0 0
W dolgu 127.171 66.564 126.166 66.504 -1.153 -1.102 0.246 0.246 0.060 -0.998 0 0
W dolgu 124.156 66.382 123.152 66.321 -1.002 -0.951 0.246 0.246 0.060 -0.998 0 0
W dolgu 122.147 66.261 121.142 66.200 -0.901 -0.850 0.246 0.246 0.060 -0.998 0 0
W dolgu 119.132 66.078 118.127 66.018 -0.750 -0.700 0.246 0.246 0.060 -0.998 0 0
W dolgu 116.117 65.896 115.113 65.836 -0.575 -0.467 0.246 0.246 0.060 -0.998 0 0
W basamak 115.113 65.836 114.108 65.775 -0.467 -0.346 0.246 0.246 0.060 -0.998 0 0
W basamak 113.103 65.714 111.798 65.635 -0.225 -0.105 0.246 0.246 0.060 -0.998 0 1
W dolgu 126.166 66.504 125.161 66.443 -1.102 -1.052 0.246 0.246 0.060 -0.998 0 0
W dolgu 120.137 66.139 119.132 66.078 -0.800 -0.750 0.246 0.246 0.060 -0.998 0 0
W dolgu 130.186 66.746 129.181 66.686 -1.303 -1.253 0.246 0.246 0.060 -0.998 0 0
W dolgu 134.205 66.989 133.200 66.929 -5.350 -1.451 0.246 0.246 0.060 -0.998 0 0
W dolgu 132.505 77.842 133.503 77.902 -1.060 -1.124 0.241 0.241 0.059 -0.998 0 0
W dolgu 134.502 77.961 135.500 78.020 -1.174 -1.224 0.241 0.241 0.059 -0.998 0 0
W dolgu 133.503 77.902 134.502 77.961 -1.124 -1.174 0.241 0.241 0.059 -0.998 0 0
W dolgu 66.821 62.917 65.524 62.839 2.388 2.314 3.495 3.495 0.060 -0.998 1 0
W dolgu 59.538 62.477 58.540 62.417 2.458 2.489 3.495 3.495 0.060 -0.998 0 0
W basamak 42.579 61.453 41.581 61.392 2.953 3.073 3.495 3.495 0.060 -0.998 0 0
W dolgu 64.526 62.779 63.528 62.718 2.362 2.453 3.495 3.495 0.060 -0.998 0 0
W dolgu 62.531 62.658 61.533 62.598 2.468 2.410 3.495 3.495 0.060 -0.998 0 0
W dolgu 61.533 62.598 60.536 62.538 2.410 2.400 3.495 3.495 0.060 -0.998 0 0
W dolgu 58.540 62.417 57.543 62.357 2.489 2.493 3.495 3.495 0.060 -0.998 0 0
W dolgu 57.543 62.357 56.545 62.297 2.493 2.493 3.495 3.495 0.060 -0.998 0 0
W dolgu 55.547 62.236 54.550 62.176 2.493 2.493 3.495 3.495 0.060 -0.998 0 0
W dolgu 54.550 62.176 53.552 62.116 2.493 2.493 3.495 3.495 0.060 -0.998 0 0
W dolgu 52.555 62.055 51.557 61.995 2.493 2.493 3.495 3.495 0.060 -0.998 0 0
W dolgu 51.557 61.995 50.559 61.935 2.493 2.493 3.495 3.495 0.060 -0.998 0 0
W dolgu 49.562 61.875 48.564 61.814 2.493 2.493 3.495 3.495 0.060 -0.998 0 0
W dolgu 48.564 61.814 47.567 61.754 2.493 2.493 3.495 3.495 0.060 -0.998 0 0
W dolgu 46.569 61.694 45.571 61.633 2.513 2.598 3.495 3.495 0.060 -0.998 0 0
W dolgu 45.571 61.633 44.574 61.573 2.598 2.713 3.495 3.495 0.060 -0.998 0 0
W basamak 43.576 61.513 42.579 61.453 2.833 2.953 3.495 3.495 0.060 -0.998 0 0
W dolgu 65.524 62.839 64.526 62.779 2.314 2.362 3.495 3.495 0.060 -0.998 0 0
W dolgu 63.528 62.718 62.531 62.658 2.453 2.468 3.495 3.495 0.060 -0.998 0 0
W dolgu 60.536 62.538 59.538 62.477 2.400 2.458 3.495 3.495 0.060 -0.998 0 0
W dolgu 56.545 62.297 55.547 62.236 2.493 2.493 3.495 3.495 0.060 -0.998 0 0
W dolgu 53.552 62.116 52.555 62.055 2.493 2.493 3.495 3.495 0.060 -0.998 0 0
W dolgu 50.559 61.935 49.562 61.875 2.493 2.493 3.495 3.495 0.060 -0.998 0 0
W dolgu 47.567 61.754 46.569 61.694 2.493 2.513 3.495 3.495 0.060 -0.998 0 0
W basamak 44.574 61.573 43.576 61.513 2.713 2.833 3.495 3.495 0.060 -0.998 0 0
W basamak 41.581 61.392 40.284 61.314 3.073 3.193 3.495 3.495 0.060 -0.998 0 1
W dolgu 67.159 68.916 67.219 67.923 1.275 1.275 3.490 3.490 -0.998 -0.060 0 0
W dolgu 66.859 73.880 66.919 72.887 1.275 1.275 2.329 3.490 -0.998 -0.060 0 0
W dolgu 66.979 71.894 67.039 70.902 1.275 1.275 3.490 3.490 -0.998 -0.060 0 0
W dolgu 67.039 70.902 67.099 69.909 1.275 1.275 3.490 3.490 -0.998 -0.060 0 0
W dolgu 67.279 66.931 67.339 65.938 1.275 1.275 3.490 3.490 -0.998 -0.060 0 0
W dolgu 67.339 65.938 67.399 64.945 1.275 1.275 3.490 3.490 -0.998 -0.060 0 0
W dolgu 67.459 63.952 67.537 62.660 1.275 0.402 3.490 1.570 -0.998 -0.060 0 1
W dolgu 66.919 72.887 66.979 71.894 1.275 1.275 3.490 3.490 -0.998 -0.060 0 0
W dolgu 67.099 69.909 67.159 68.916 1.275 1.275 3.490 3.490 -0.998 -0.060 0 0
W dolgu 67.219 67.923 67.279 66.931 1.275 1.275 3.490 3.490 -0.998 -0.060 0 0
W dolgu 67.399 64.945 67.459 63.952 1.275 1.275 3.490 3.490 -0.998 -0.060 0 0
W dolgu 100.504 73.919 100.564 72.926 -0.054 -0.054 1.570 1.570 -0.998 -0.060 0 0
W dolgu 100.864 67.963 100.924 66.971 -0.054 -0.054 1.570 1.570 -0.998 -0.060 0 0
W dolgu 100.444 74.911 100.504 73.919 -0.054 -0.054 1.570 1.570 -0.998 -0.060 0 0
W dolgu 100.624 71.934 100.684 70.941 -0.054 -0.054 1.570 1.570 -0.998 -0.060 0 0
W dolgu 100.744 69.948 100.804 68.956 -0.054 -0.054 1.570 1.570 -0.998 -0.060 0 0
W dolgu 100.924 66.971 100.984 65.978 -0.054 -0.054 1.570 1.570 -0.998 -0.060 0 0
W dolgu 100.384 75.904 100.444 74.911 0.740 -0.054 1.570 1.570 -0.998 -0.060 0 0
W dolgu 100.564 72.926 100.624 71.934 -0.054 -0.054 1.570 1.570 -0.998 -0.060 0 0
W dolgu 100.684 70.941 100.744 69.948 -0.054 -0.054 1.570 1.570 -0.998 -0.060 0 0
W dolgu 100.804 68.956 100.864 67.963 -0.054 -0.054 1.570 1.570 -0.998 -0.060 0 0
W dolgu 100.984 65.978 101.044 64.985 -0.054 -0.054 1.570 0.776 -0.998 -0.060 0 0
W dolgu 100.984 64.982 100.058 64.926 -0.045 0.093 0.465 1.575 0.060 -0.998 0 0
W dolgu 98.086 64.807 97.100 64.747 0.093 0.093 1.575 1.575 0.060 -0.998 0 0
W dolgu 94.142 64.568 93.156 64.509 0.093 0.093 1.575 1.575 0.060 -0.998 0 0
W dolgu 93.156 64.509 92.170 64.449 0.093 0.093 1.575 1.575 0.060 -0.998 0 0
W dolgu 90.198 64.330 89.212 64.270 0.062 0.032 1.575 1.575 0.060 -0.998 0 0
W dolgu 86.254 64.092 85.268 64.032 0.343 0.461 1.575 1.575 0.060 -0.998 0 0
W dolgu 85.268 64.032 84.282 63.973 0.461 0.579 1.575 1.575 0.060 -0.998 0 0
W basamak 81.323 63.794 80.337 63.734 0.935 1.054 1.575 1.575 0.060 -0.998 0 0
W basamak 82.309 63.853 81.323 63.794 0.817 0.935 1.575 1.575 0.060 -0.998 0 0
W dolgu 97.100 64.747 96.114 64.688 0.093 0.093 1.575 1.575 0.060 -0.998 0 0
W dolgu 89.212 64.270 88.226 64.211 0.032 0.108 1.575 1.575 0.060 -0.998 0 0
W dolgu 100.058 64.926 99.072 64.866 0.093 0.093 1.575 1.575 0.060 -0.998 0 0
W dolgu 99.072 64.866 98.086 64.807 0.093 0.093 1.575 1.575 0.060 -0.998 0 0
W dolgu 96.114 64.688 95.128 64.628 0.093 0.093 1.575 1.575 0.060 -0.998 0 0
W dolgu 95.128 64.628 94.142 64.568 0.093 0.093 1.575 1.575 0.060 -0.998 0 0
W dolgu 92.170 64.449 91.184 64.390 0.093 0.090 1.575 1.575 0.060 -0.998 0 0
W dolgu 91.184 64.390 90.198 64.330 0.090 0.062 1.575 1.575 0.060 -0.998 0 0
W dolgu 88.226 64.211 87.240 64.151 0.108 0.224 1.575 1.575 0.060 -0.998 0 0
W dolgu 87.240 64.151 86.254 64.092 0.224 0.343 1.575 1.575 0.060 -0.998 0 0
W dolgu 84.282 63.973 83.296 63.913 0.579 0.698 1.575 1.575 0.060 -0.998 0 0
W dolgu 83.296 63.913 82.309 63.853 0.698 0.817 1.575 1.575 0.060 -0.998 0 0
W basamak 80.337 63.734 79.351 63.675 1.054 1.172 1.575 1.575 0.060 -0.998 0 0
W basamak 79.351 63.675 78.066 63.597 1.172 1.275 1.575 1.591 0.060 -0.998 0 1
W dolgu 36.138 72.023 35.112 71.961 3.195 3.195 3.981 4.098 -0.060 0.998 1 0
W dolgu 35.112 71.961 34.136 71.902 3.195 3.195 4.098 4.216 -0.060 0.998 0 0
W dolgu 34.136 71.902 33.161 71.843 3.195 3.195 4.216 4.333 -0.060 0.998 0 0
W dolgu 32.185 71.784 31.209 71.725 3.195 3.195 4.450 4.568 -0.060 0.998 0 0
W dolgu 30.233 71.666 29.258 71.607 3.195 3.195 4.685 4.802 -0.060 0.998 0 0
W dolgu 29.258 71.607 28.282 71.548 3.195 3.195 4.802 4.919 -0.060 0.998 0 0
W dolgu 33.161 71.843 32.185 71.784 3.195 3.195 4.333 4.450 -0.060 0.998 0 0
W dolgu 31.209 71.725 30.233 71.666 3.195 3.195 4.568 4.685 -0.060 0.998 0 0
W dolgu 150.107 79.957 150.166 78.992 -4.833 -5.030 -1.633 -1.633 0.998 0.060 0 0
W dolgu 150.282 77.062 150.341 76.097 -5.881 -6.485 -1.633 -1.633 0.998 0.060 0 0
W dolgu 149.973 82.187 150.049 80.922 -1.947 -4.858 -0.250 -1.633 0.998 0.060 1 0
W dolgu 150.166 78.992 150.224 78.027 -5.030 -5.307 -1.633 -1.633 0.998 0.060 0 0
W dolgu 150.049 80.922 150.107 79.957 -4.858 -4.833 -1.633 -1.633 0.998 0.060 0 0
W dolgu 150.224 78.027 150.282 77.062 -5.307 -5.881 -1.633 -1.633 0.998 0.060 0 0
W dolgu 135.500 78.020 135.557 77.080 -1.227 -1.227 0.241 0.241 -0.998 -0.060 0 0
W dolgu 135.614 76.139 135.671 75.198 -1.227 -1.228 0.241 0.241 -0.998 -0.060 0 0
W dolgu 135.671 75.198 135.727 74.257 -1.228 -1.228 0.241 0.241 -0.998 -0.060 0 0
W dolgu 135.784 73.316 135.841 72.375 -1.228 -1.228 0.241 0.241 -0.998 -0.060 0 0
W dolgu 135.557 77.080 135.614 76.139 -1.227 -1.227 0.241 0.241 -0.998 -0.060 0 0
W dolgu 135.841 72.375 135.898 71.434 -1.228 -1.228 0.241 0.241 -0.998 -0.060 0 0
W dolgu 135.727 74.257 135.784 73.316 -1.228 -1.228 0.241 0.241 -0.998 -0.060 0 0
W istinat 30.571 64.647 29.701 65.523 3.195 3.195 5.747 5.803 -0.709 -0.705 1 0
W istinat 29.701 65.523 28.831 66.399 3.195 3.195 5.803 5.933 -0.709 -0.705 0 1
W dolgu 135.898 71.434 135.954 70.503 -1.228 -1.228 0.256 0.256 -0.998 -0.060 0 0
W dolgu 69.674 74.079 68.702 74.021 1.275 1.275 1.989 2.100 -0.060 0.998 1 0
W dolgu 67.780 73.965 66.859 73.909 1.275 1.275 2.211 2.322 -0.060 0.998 0 0
W dolgu 68.702 74.021 67.780 73.965 1.275 1.275 2.100 2.211 -0.060 0.998 0 0
W dolgu 131.290 77.770 132.505 77.842 -0.963 -1.060 0.241 0.241 0.059 -0.998 1 0
W dolgu 103.174 76.072 102.211 76.014 -0.054 -0.054 0.713 0.823 -0.060 0.998 1 0
W dolgu 102.211 76.014 101.298 75.959 -0.054 -0.054 0.823 0.932 -0.060 0.998 0 0
W dolgu 101.298 75.959 100.444 75.907 -0.054 -0.054 0.932 1.035 -0.060 0.998 0 0
W dolgu 28.282 71.548 27.622 70.948 3.195 3.195 5.176 5.479 -0.673 0.740 0 0
W dolgu 27.622 70.948 26.962 70.348 3.195 5.705 5.479 6.005 -0.673 0.740 0 0
W dolgu 136.072 68.547 136.131 67.573 -5.102 -5.102 0.256 0.256 -0.998 -0.060 0 1
W dolgu 136.028 69.285 136.072 68.547 -1.228 -1.228 0.256 0.256 -0.998 -0.060 0 0
W dolgu 27.007 70.308 27.299 70.045 5.372 3.195 6.000 5.981 -0.670 -0.742 0 0
