T 3.195 3.645 46.962,72.527;46.935,72.976;45.538,72.892;45.565,72.443
T 3.195 3.645 54.675,72.993;54.648,73.442;53.250,73.358;53.277,72.909
T 1.275 1.725 80.494,74.583;80.467,75.032;79.070,74.948;79.097,74.499
T 1.275 1.725 88.232,75.051;88.205,75.500;86.808,75.415;86.835,74.966
T 0.570 1.020 113.995,76.576;113.968,77.025;112.570,76.941;112.597,76.491
T 0.570 1.020 121.732,77.044;121.705,77.493;120.308,77.408;120.335,76.959
T -0.915 -0.450 136.027,69.295;135.728,69.277;135.655,70.475;135.955,70.493
T -0.915 -0.285 135.728,69.277;135.428,69.259;135.356,70.457;135.655,70.475
T -0.915 -0.120 135.428,69.259;135.129,69.241;135.056,70.439;135.356,70.457
T -0.915 0.045 135.129,69.241;134.829,69.223;134.757,70.421;135.056,70.439
T -0.915 0.210 134.829,69.223;134.530,69.205;134.458,70.403;134.757,70.421
T -0.915 0.375 134.530,69.205;134.231,69.187;134.158,70.385;134.458,70.403
T -0.915 0.540 134.231,69.187;133.931,69.169;133.859,70.367;134.158,70.385
T -0.915 0.705 133.931,69.169;133.632,69.151;133.559,70.348;133.859,70.367
