W dolgu 39.254 56.351 38.039 55.024 2.193 2.193 5.030 5.042 -0.737 0.675 0 1
W dolgu 119.772 57.906 119.862 56.418 -2.039 -2.039 0.103 0.103 -0.998 -0.061 0 0
W dolgu 133.030 65.249 132.157 64.528 -5.053 -4.534 -1.129 -1.083 0.637 -0.771 0 0
W dolgu 133.903 65.970 133.030 65.249 -5.682 -5.053 -1.167 -1.129 0.637 -0.771 0 0
W dolgu 132.157 64.528 131.285 63.807 -4.534 -4.177 -1.083 -1.038 0.637 -0.771 0 0
W dolgu 40.322 58.296 39.601 57.495 2.193 2.193 3.546 4.153 -0.743 0.669 0 0
W dolgu 39.601 57.495 38.881 56.694 2.193 2.193 4.153 4.754 -0.743 0.669 0 0
W dolgu 45.731 58.626 44.609 58.558 2.193 2.193 2.899 3.026 -0.061 0.998 1 0
W dolgu 43.537 58.492 42.466 58.427 2.193 2.193 3.155 3.283 -0.061 0.998 0 0
W dolgu 41.394 58.362 40.322 58.296 2.193 2.193 3.412 3.541 -0.061 0.998 0 0
W dolgu 44.609 58.558 43.537 58.492 2.193 2.193 3.026 3.155 -0.061 0.998 0 0
W dolgu 42.466 58.427 41.394 58.362 2.193 2.193 3.283 3.412 -0.061 0.998 0 0
W basamak 104.792 65.212 105.861 65.277 -0.054 -0.054 0.393 0.393 -0.060 0.998 0 0
W basamak 102.654 65.083 103.723 65.147 -0.054 -0.054 0.393 0.393 -0.060 0.998 0 0
W basamak 103.723 65.147 104.792 65.212 -0.054 -0.054 0.393 0.393 -0.060 0.998 0 0
W basamak 105.861 65.277 106.931 65.341 -0.054 -0.054 0.393 0.393 -0.060 0.998 0 0
W basamak 106.931 65.341 108.000 65.406 -0.054 -0.054 0.393 0.393 -0.060 0.998 0 0
W istinat 36.486 57.388 35.622 58.443 4.288 4.064 5.095 5.282 -0.774 -0.634 1 0
W istinat 34.948 59.265 34.274 60.088 3.962 3.974 5.452 5.595 -0.774 -0.634 0 0
W istinat 35.622 58.443 34.948 59.265 4.064 3.962 5.282 5.452 -0.774 -0.634 0 0
W istinat 34.274 60.088 33.600 60.910 3.974 3.195 5.595 5.643 -0.774 -0.634 0 0
W basamak 114.011 62.764 115.405 62.848 -0.353 -0.480 -0.058 0.088 0.060 -0.998 1 0
W basamak 115.405 62.848 116.460 62.912 -0.480 -0.592 0.088 0.088 0.060 -0.998 0 0
W dolgu 79.545 54.627 78.622 55.139 -1.134 -0.883 2.493 2.493 -0.485 -0.875 0 0
W dolgu 80.467 54.116 79.545 54.627 -1.398 -1.134 0.093 2.493 -0.485 -0.875 0 0
W dolgu 78.622 55.139 77.700 55.650 -0.883 -0.533 2.493 2.493 -0.485 -0.875 0 0
W basamak 110.069 65.531 111.403 65.611 -0.054 -0.054 0.377 0.305 -0.060 0.998 0 1
W basamak 108.000 65.406 109.034 65.468 -0.054 -0.054 0.393 0.393 -0.060 0.998 0 0
W basamak 109.034 65.468 110.069 65.531 -0.054 -0.054 0.393 0.377 -0.060 0.998 0 0
W dolgu 122.370 58.220 121.534 57.619 -2.020 -1.984 -0.577 -0.534 0.583 -0.812 0 0
W dolgu 120.698 57.019 119.920 56.460 -1.969 -2.047 -0.490 0.053 0.583 -0.812 0 0
W dolgu 121.534 57.619 120.698 57.019 -1.984 -1.969 -0.534 -0.490 0.583 -0.812 0 0
W dolgu 119.518 62.070 119.580 61.047 -0.760 -0.760 0.088 0.088 -0.998 -0.061 0 0
W dolgu 119.455 63.093 119.518 62.070 -0.760 -0.760 0.088 0.088 -0.998 -0.061 0 0
W dolgu 119.580 61.047 119.642 60.024 -0.760 -0.760 0.088 0.088 -0.998 -0.061 0 0
W dolgu 89.315 49.211 88.430 49.701 -3.353 -3.123 0.093 0.093 -0.485 -0.875 0 0
W dolgu 85.776 51.173 84.891 51.663 -2.510 -2.373 0.093 0.093 -0.485 -0.875 0 0
W dolgu 82.237 53.135 81.352 53.625 -1.781 -1.636 0.093 0.093 -0.485 -0.875 0 0
W dolgu 87.546 50.192 86.661 50.682 -2.884 -2.690 0.093 0.093 -0.485 -0.875 0 0
W dolgu 84.006 52.154 83.122 52.644 -2.163 -1.902 0.093 0.093 -0.485 -0.875 0 0
W dolgu 90.200 48.720 89.315 49.211 -3.579 -3.353 0.093 0.093 -0.485 -0.875 0 0
W dolgu 88.430 49.701 87.546 50.192 -3.123 -2.884 0.093 0.093 -0.485 -0.875 0 0
W dolgu 86.661 50.682 85.776 51.173 -2.690 -2.510 0.093 0.093 -0.485 -0.875 0 0
W dolgu 84.891 51.663 84.006 52.154 -2.373 -2.163 0.093 0.093 -0.485 -0.875 0 0
W dolgu 83.122 52.644 82.237 53.135 -1.902 -1.781 0.093 0.093 -0.485 -0.875 0 0
W dolgu 81.352 53.625 80.467 54.116 -1.636 -1.398 0.093 0.093 -0.485 -0.875 0 0
W istinat 47.974 34.523 47.772 35.509 2.193 2.193 4.704 4.699 -0.980 -0.200 0 0
W istinat 47.167 38.466 46.965 39.452 2.193 2.193 4.636 4.628 -0.980 -0.200 0 0
W istinat 49.588 26.636 49.386 27.622 2.193 2.193 4.235 4.331 -0.980 -0.200 0 0
W istinat 48.983 29.594 48.781 30.579 2.193 2.193 4.490 4.556 -0.980 -0.200 0 0
W istinat 49.790 25.650 49.588 26.636 3.822 2.193 4.130 4.235 -0.980 -0.200 0 0
W istinat 49.185 28.608 48.983 29.594 2.193 2.193 4.417 4.490 -0.980 -0.200 0 0
W istinat 48.781 30.579 48.579 31.565 2.193 2.193 4.556 4.618 -0.980 -0.200 0 0
W istinat 48.579 31.565 48.378 32.551 2.193 2.193 4.618 4.662 -0.980 -0.200 0 0
W istinat 48.378 32.551 48.176 33.537 2.193 2.193 4.662 4.689 -0.980 -0.200 0 0
W istinat 47.772 35.509 47.571 36.495 2.193 2.193 4.699 4.682 -0.980 -0.200 0 0
W istinat 47.571 36.495 47.369 37.481 2.193 2.193 4.682 4.657 -0.980 -0.200 0 0
W istinat 47.369 37.481 47.167 38.466 2.193 2.193 4.657 4.636 -0.980 -0.200 0 0
W istinat 46.965 39.452 46.764 40.438 2.193 2.193 4.628 4.633 -0.980 -0.200 0 0
W istinat 46.764 40.438 46.562 41.424 2.193 2.193 4.633 4.652 -0.980 -0.200 0 0
W istinat 46.562 41.424 46.360 42.410 2.193 2.193 4.652 4.698 -0.980 -0.200 0 0
W istinat 49.386 27.622 49.185 28.608 2.193 2.193 4.331 4.417 -0.980 -0.200 0 0
W istinat 48.176 33.537 47.974 34.523 2.193 2.193 4.689 4.704 -0.980 -0.200 0 0
W dolgu 98.517 43.078 97.685 43.642 -4.299 -4.403 0.093 0.093 -0.561 -0.828 0 0
W dolgu 96.022 44.771 95.190 45.335 -4.643 -4.599 0.093 0.093 -0.561 -0.828 0 0
W dolgu 91.863 47.592 91.032 48.156 -3.957 -3.785 0.093 0.093 -0.561 -0.828 0 0
W dolgu 97.685 43.642 96.853 44.207 -4.403 -4.561 0.093 0.093 -0.561 -0.828 0 0
W dolgu 93.527 46.463 92.695 47.028 -4.332 -4.145 0.093 0.093 -0.561 -0.828 0 0
W dolgu 100.180 41.950 99.348 42.514 -4.307 -4.282 0.093 0.093 -0.561 -0.828 0 0
W dolgu 99.348 42.514 98.517 43.078 -4.282 -4.299 0.093 0.093 -0.561 -0.828 0 0
W dolgu 96.853 44.207 96.022 44.771 -4.561 -4.643 0.093 0.093 -0.561 -0.828 0 0
W dolgu 95.190 45.335 94.358 45.899 -4.599 -4.481 0.093 0.093 -0.561 -0.828 0 0
W dolgu 94.358 45.899 93.527 46.463 -4.481 -4.332 0.093 0.093 -0.561 -0.828 0 0
W dolgu 92.695 47.028 91.863 47.592 -4.145 -3.957 0.093 0.093 -0.561 -0.828 0 0
W dolgu 91.032 48.156 90.200 48.720 -3.785 -3.578 0.093 0.093 -0.561 -0.828 0 0
W basamak 117.459 62.972 118.457 63.032 -0.657 -0.707 0.088 0.088 0.060 -0.998 0 0
W basamak 116.460 62.912 117.459 62.972 -0.592 -0.657 0.088 0.088 0.060 -0.998 0 0
W dolgu 118.457 63.032 119.455 63.093 -0.707 -0.757 0.088 0.088 0.060 -0.998 0 0
W istinat 56.894 35.992 56.236 35.238 2.193 2.193 3.864 3.918 0.754 -0.657 0 0
W istinat 59.523 39.006 58.865 38.253 2.193 2.193 3.573 3.661 0.754 -0.657 0 0
W istinat 58.208 37.499 57.551 36.745 2.193 2.193 3.738 3.805 0.754 -0.657 0 0
W istinat 55.579 34.485 54.922 33.731 2.193 2.193 3.973 4.030 0.754 -0.657 0 0
W istinat 54.265 32.977 53.607 32.224 2.193 2.193 4.085 4.132 0.754 -0.657 0 0
W istinat 60.180 39.760 59.523 39.006 2.193 2.193 3.462 3.573 0.754 -0.657 0 0
W istinat 58.865 38.253 58.208 37.499 2.193 2.193 3.661 3.738 0.754 -0.657 0 0
W istinat 57.551 36.745 56.894 35.992 2.193 2.193 3.805 3.864 0.754 -0.657 0 0
W istinat 56.236 35.238 55.579 34.485 2.193 2.193 3.918 3.973 0.754 -0.657 0 0
W istinat 54.922 33.731 54.265 32.977 2.193 2.193 4.030 4.085 0.754 -0.657 0 0
W istinat 53.607 32.224 52.950 31.470 2.193 2.193 4.132 4.179 0.754 -0.657 0 0
W dolgu 133.824 67.267 133.903 65.971 -1.474 -5.697 0.246 -1.161 0.998 0.061 1 0
W dolgu 68.589 48.289 67.888 47.578 1.647 1.690 2.493 2.493 0.712 -0.702 0 0
W basamak 67.188 46.868 66.487 46.157 1.733 1.786 2.493 2.493 0.712 -0.702 0 0
W basamak 65.786 45.446 65.085 44.735 1.862 1.967 2.493 2.493 0.712 -0.702 0 0
W istinat 64.385 44.025 63.684 43.314 2.123 2.193 2.493 2.627 0.712 -0.702 0 0
W istinat 63.684 43.314 62.983 42.603 2.193 2.193 2.627 2.843 0.712 -0.702 0 0
W istinat 62.282 41.892 61.582 41.182 2.193 2.193 3.058 3.215 0.712 -0.702 0 0
W istinat 61.582 41.182 60.881 40.471 2.193 2.193 3.215 3.350 0.712 -0.702 0 0
W istinat 60.881 40.471 60.180 39.760 2.193 2.193 3.350 3.462 0.712 -0.702 0 0
W dolgu 69.290 49.000 68.589 48.289 1.590 1.647 2.493 2.493 0.712 -0.702 0 0
W dolgu 67.888 47.578 67.188 46.868 1.690 1.733 2.493 2.493 0.712 -0.702 0 0
W basamak 66.487 46.157 65.786 45.446 1.786 1.862 2.493 2.493 0.712 -0.702 0 0
W basamak 65.085 44.735 64.385 44.025 1.967 2.123 2.493 2.493 0.712 -0.702 0 0
W istinat 62.983 42.603 62.282 41.892 2.193 2.193 2.843 3.058 0.712 -0.702 0 0
W dolgu 115.894 53.567 115.085 52.986 -2.526 -2.657 0.093 0.093 0.583 -0.812 0 0
W dolgu 114.275 52.404 113.466 51.823 -2.779 -2.847 0.093 0.093 0.583 -0.812 0 0
W dolgu 119.862 56.418 119.132 55.894 -2.049 -2.089 0.093 0.093 0.583 -0.812 0 0
W dolgu 119.132 55.894 118.323 55.312 -2.089 -2.147 0.093 0.093 0.583 -0.812 0 0
W dolgu 117.513 54.731 116.704 54.149 -2.246 -2.355 0.093 0.093 0.583 -0.812 0 0
W dolgu 116.704 54.149 115.894 53.567 -2.355 -2.526 0.093 0.093 0.583 -0.812 0 0
W dolgu 113.466 51.823 112.656 51.241 -2.847 -2.823 0.093 0.093 0.583 -0.812 0 0
W dolgu 111.847 50.659 111.037 50.078 -2.789 -2.806 0.093 0.093 0.583 -0.812 0 0
W dolgu 111.037 50.078 110.228 49.496 -2.806 -2.816 0.093 0.093 0.583 -0.812 0 0
W dolgu 110.228 49.496 109.418 48.915 -2.816 -2.890 0.093 0.093 0.583 -0.812 0 0
W dolgu 109.418 48.915 108.609 48.333 -2.890 -2.988 0.093 0.093 0.583 -0.812 0 0
W dolgu 107.799 47.752 106.990 47.170 -3.107 -3.228 0.093 0.093 0.583 -0.812 0 0
W dolgu 118.323 55.312 117.513 54.731 -2.147 -2.246 0.093 0.093 0.583 -0.812 0 0
W dolgu 112.656 51.241 111.847 50.659 -2.823 -2.789 0.093 0.093 0.583 -0.812 0 0
W dolgu 108.609 48.333 107.799 47.752 -2.988 -3.107 0.093 0.093 0.583 -0.812 0 0
W dolgu 115.085 52.986 114.275 52.404 -2.657 -2.779 0.093 0.093 0.583 -0.812 0 0
W dolgu 86.456 61.098 85.246 61.025 -0.207 -0.207 0.661 0.780 -0.060 0.998 1 0
W dolgu 84.253 60.965 83.259 60.905 -0.207 -0.207 0.900 1.019 -0.060 0.998 0 0
W dolgu 82.265 60.845 81.272 60.785 -0.207 -0.207 1.139 1.258 -0.060 0.998 0 0
W dolgu 83.259 60.905 82.265 60.845 -0.207 -0.207 1.019 1.139 -0.060 0.998 0 0
W dolgu 81.272 60.785 80.278 60.725 -0.207 -0.207 1.258 1.378 -0.060 0.998 0 0
W dolgu 80.278 60.725 78.985 60.647 -0.207 1.202 1.378 2.488 -0.060 0.998 0 1
W dolgu 85.246 61.025 84.253 60.965 -0.207 -0.207 0.780 0.900 -0.060 0.998 0 0
W dolgu 129.146 62.396 128.299 61.874 -3.313 -3.025 -0.929 -0.885 0.525 -0.851 0 0
W dolgu 130.840 63.440 129.993 62.918 -3.995 -3.652 -1.017 -0.973 0.525 -0.851 0 0
W dolgu 128.299 61.874 127.452 61.352 -3.025 -2.755 -0.885 -0.841 0.525 -0.851 0 0
W dolgu 125.758 60.308 124.911 59.786 -2.358 -2.217 -0.754 -0.710 0.525 -0.851 0 0
W dolgu 124.064 59.264 123.217 58.742 -2.127 -2.047 -0.666 -0.622 0.525 -0.851 0 0
W dolgu 124.911 59.786 124.064 59.264 -2.217 -2.127 -0.710 -0.666 0.525 -0.851 0 0
W dolgu 127.452 61.352 126.605 60.830 -2.755 -2.529 -0.841 -0.798 0.525 -0.851 0 0
W dolgu 126.605 60.830 125.758 60.308 -2.529 -2.358 -0.798 -0.754 0.525 -0.851 0 0
W dolgu 123.217 58.742 122.370 58.220 -2.047 -2.020 -0.622 -0.578 0.525 -0.851 0 0
W dolgu 129.993 62.918 129.146 62.396 -3.652 -3.313 -0.973 -0.929 0.525 -0.851 0 0
W dolgu 33.674 60.914 34.581 60.969 3.195 3.195 5.532 4.214 -0.060 0.998 0 0
W dolgu 34.581 60.969 35.563 61.029 3.195 3.195 4.214 4.096 -0.060 0.998 0 0
W basamak 36.544 61.088 37.525 61.147 3.195 3.195 3.979 3.861 -0.060 0.998 0 0
W basamak 37.525 61.147 38.507 61.207 3.195 3.195 3.861 3.743 -0.060 0.998 0 0
W basamak 38.507 61.207 39.488 61.266 3.195 3.195 3.743 3.625 -0.060 0.998 0 0
W dolgu 35.563 61.029 36.544 61.088 3.195 3.195 4.096 3.979 -0.060 0.998 0 0
W basamak 39.488 61.266 40.769 61.343 3.195 3.195 3.625 3.507 -0.060 0.998 0 1
W dolgu 67.673 62.969 68.654 63.028 1.441 1.275 2.769 2.741 -0.060 0.998 0 0
W dolgu 66.692 62.910 67.673 62.969 2.404 1.441 3.495 2.769 -0.060 0.998 1 0
W dolgu 71.070 63.174 72.049 63.233 1.275 1.275 2.468 2.350 -0.060 0.998 0 0
W dolgu 74.007 63.352 74.986 63.411 1.275 1.275 2.115 1.997 -0.060 0.998 0 0
W basamak 76.945 63.529 77.924 63.588 1.275 1.275 1.762 1.644 -0.060 0.998 0 0
W basamak 74.986 63.411 75.966 63.470 1.275 1.275 1.997 1.879 -0.060 0.998 0 0
W dolgu 68.654 63.028 69.112 63.056 1.275 1.275 2.731 2.697 -0.060 0.998 0 0
W dolgu 69.112 63.056 70.091 63.115 1.275 1.275 2.697 2.586 -0.060 0.998 0 0
W dolgu 70.091 63.115 71.070 63.174 1.275 1.275 2.586 2.468 -0.060 0.998 0 0
W dolgu 72.049 63.233 73.028 63.293 1.275 1.275 2.350 2.232 -0.060 0.998 0 0
W dolgu 73.028 63.293 74.007 63.352 1.275 1.275 2.232 2.115 -0.060 0.998 0 0
W basamak 75.966 63.470 76.945 63.529 1.275 1.275 1.879 1.762 -0.060 0.998 0 0
W basamak 77.924 63.588 78.389 63.616 1.275 1.275 1.644 1.588 -0.060 0.998 0 1
W dolgu 76.935 55.045 76.171 54.441 -0.133 0.238 2.493 2.493 0.620 -0.784 0 0
W dolgu 74.642 53.232 73.877 52.627 0.721 0.874 2.493 2.493 0.620 -0.784 0 0
W dolgu 70.819 50.209 70.055 49.605 1.420 1.523 2.493 2.493 0.620 -0.784 0 0
W dolgu 77.700 55.650 76.935 55.045 -0.567 -0.133 2.493 2.493 0.620 -0.784 0 0
W dolgu 76.171 54.441 75.406 53.836 0.238 0.567 2.493 2.493 0.620 -0.784 0 0
W dolgu 75.406 53.836 74.642 53.232 0.567 0.721 2.493 2.493 0.620 -0.784 0 0
W dolgu 72.409 51.466 70.819 50.209 1.308 1.420 2.493 2.493 0.620 -0.784 1 0
W dolgu 70.055 49.605 69.290 49.000 1.523 1.590 2.493 2.493 0.620 -0.784 0 0
W dolgu 73.877 52.627 72.877 51.837 0.874 1.028 2.493 2.493 0.620 -0.784 0 1
W basamak 101.386 65.006 102.654 65.083 -0.054 -0.054 0.393 0.393 -0.060 0.998 1 0
W basamak 72.649 60.264 74.263 60.362 1.922 1.806 2.488 2.488 0.060 -0.998 1 0
W dolgu 74.263 60.362 75.230 60.420 1.806 1.689 2.488 2.488 0.060 -0.998 0 0
W dolgu 77.164 60.537 78.131 60.595 1.457 1.341 2.488 2.488 0.060 -0.998 0 0
W dolgu 78.131 60.595 79.397 60.672 1.341 1.225 2.488 2.488 0.060 -0.998 0 1
W dolgu 76.197 60.479 77.164 60.537 1.573 1.457 2.488 2.488 0.060 -0.998 0 0
W dolgu 75.230 60.420 76.197 60.479 1.689 1.573 2.488 2.488 0.060 -0.998 0 0
W istinat 45.053 44.980 44.618 45.837 2.193 2.193 5.049 5.105 -0.891 -0.453 0 0
W istinat 44.182 46.693 43.611 47.817 2.193 2.193 5.158 5.177 -0.891 -0.453 0 1
W istinat 46.360 42.410 45.924 43.267 2.193 2.193 4.697 4.836 -0.891 -0.453 0 0
W istinat 45.489 44.123 45.053 44.980 2.193 2.193 4.958 5.049 -0.891 -0.453 0 0
W istinat 45.924 43.267 45.489 44.123 2.193 2.193 4.836 4.958 -0.891 -0.453 0 0
W istinat 44.618 45.837 44.182 46.693 2.193 2.193 5.105 5.158 -0.891 -0.453 0 0
W dolgu 106.233 46.590 105.477 46.010 -3.391 -3.552 0.093 0.093 0.608 -0.794 0 0
W dolgu 103.963 44.850 103.207 44.270 -3.940 -4.099 0.093 0.093 0.608 -0.794 0 0
W dolgu 101.693 43.110 100.937 42.530 -4.271 -4.296 0.093 0.093 0.608 -0.794 0 0
W dolgu 105.477 46.010 104.720 45.430 -3.552 -3.765 0.093 0.093 0.608 -0.794 0 0
W dolgu 102.450 43.690 101.693 43.110 -4.186 -4.271 0.093 0.093 0.608 -0.794 0 0
W dolgu 106.990 47.170 106.233 46.590 -3.228 -3.391 0.093 0.093 0.608 -0.794 0 0
W dolgu 104.720 45.430 103.963 44.850 -3.765 -3.940 0.093 0.093 0.608 -0.794 0 0
W dolgu 103.207 44.270 102.450 43.690 -4.099 -4.186 0.093 0.093 0.608 -0.794 0 0
W dolgu 100.937 42.530 100.180 41.950 -4.296 -4.308 0.093 0.093 0.608 -0.794 0 0
W istinat 41.840 50.852 41.240 51.584 2.193 2.193 5.282 5.345 -0.774 -0.634 0 0
W istinat 42.630 49.888 41.840 50.852 2.193 2.193 5.233 5.282 -0.774 -0.634 1 0
W istinat 41.240 51.584 40.450 52.549 2.193 2.193 5.345 5.330 -0.774 -0.634 0 1
W istinat 51.596 28.976 51.144 28.144 2.193 2.193 4.191 4.183 0.879 -0.477 0 0
W istinat 52.950 31.470 52.499 30.639 2.193 2.193 4.179 4.188 0.879 -0.477 0 0
W istinat 52.499 30.639 52.047 29.807 2.193 2.193 4.188 4.194 0.879 -0.477 0 0
W istinat 52.047 29.807 51.596 28.976 2.193 2.193 4.194 4.191 0.879 -0.477 0 0
W istinat 51.144 28.144 50.693 27.313 2.193 2.193 4.183 4.169 0.879 -0.477 0 0
W istinat 50.693 27.313 50.241 26.481 2.193 2.193 4.169 4.149 0.879 -0.477 0 0
W istinat 50.241 26.481 49.834 25.732 2.193 3.658 4.149 4.134 0.879 -0.477 0 0
W dolgu 80.237 57.885 80.295 56.943 -0.207 -0.207 2.488 2.488 -0.998 -0.061 0 0
W dolgu 80.068 60.652 80.122 59.770 1.018 -0.207 2.488 2.488 -0.998 -0.061 1 0
W dolgu 80.122 59.770 80.180 58.828 -0.207 -0.207 2.488 2.488 -0.998 -0.061 0 0
W dolgu 80.180 58.828 80.237 57.885 -0.207 -0.207 2.488 2.488 -0.998 -0.061 0 0
W dolgu 80.295 56.943 80.352 56.001 -0.207 -0.207 2.488 2.488 -0.998 -0.061 0 0
W dolgu 80.352 56.001 80.410 55.058 -0.207 -0.207 2.488 2.488 -0.998 -0.061 0 0
W dolgu 80.410 55.058 80.463 54.187 -0.207 -1.307 2.488 0.269 -0.998 -0.061 0 0
W dolgu 119.642 60.024 119.697 59.123 -0.763 -0.763 0.103 0.103 -0.998 -0.061 0 0
W istinat_m 119.771 57.916 118.873 57.861 -0.772 -0.772 0.103 0.103 0.061 -0.998 0 0
W istinat_m 119.698 59.113 118.800 59.059 -0.772 -0.772 0.103 0.103 -0.061 0.998 0 0
W dolgu 131.285 63.807 130.840 63.440 -4.177 -3.998 -1.038 -1.014 0.637 -0.771 0 0
W dolgu 38.881 56.694 39.254 56.352 2.193 2.193 4.757 5.034 -0.675 -0.737 0 0
