B 133.903 65.971 132.372 64.705 -1.098 0.6369 -0.7710 -1.170
B 132.372 64.705 130.840 63.440 -1.017 0.6369 -0.7710 -1.098
B 130.840 63.440 128.722 62.135 -0.909 0.5247 -0.8513 -1.019
B 128.722 62.135 126.605 60.830 -0.800 0.5247 -0.8513 -0.909
B 126.605 60.830 124.488 59.525 -0.690 0.5247 -0.8513 -0.800
B 124.488 59.525 122.370 58.220 -0.581 0.5247 -0.8513 -0.690
B 122.370 58.220 120.448 56.839 -0.480 0.5835 -0.8121 -0.580
B 120.448 56.839 118.525 55.457 0.093 0.5835 -0.8121 -0.480
B 118.525 55.457 116.603 54.076 0.093 0.5835 -0.8121 0.093
B 116.603 54.076 114.680 52.695 0.093 0.5835 -0.8121 0.093
B 114.680 52.695 112.757 51.314 0.093 0.5835 -0.8121 0.093
B 112.757 51.314 110.835 49.933 0.093 0.5835 -0.8121 0.093
B 110.835 49.933 108.912 48.551 0.093 0.5835 -0.8121 0.093
B 108.912 48.551 106.990 47.170 0.093 0.5835 -0.8121 0.093
B 106.990 47.170 105.287 45.865 0.093 0.6084 -0.7937 0.093
B 105.287 45.865 103.585 44.560 0.093 0.6084 -0.7937 0.093
B 103.585 44.560 101.883 43.255 0.093 0.6084 -0.7937 0.093
B 101.883 43.255 100.180 41.950 0.093 0.6084 -0.7937 0.093
B 100.180 41.950 98.184 43.304 0.093 -0.5614 -0.8276 0.093
B 98.184 43.304 96.188 44.658 0.093 -0.5614 -0.8276 0.093
B 96.188 44.658 94.192 46.012 0.093 -0.5614 -0.8276 0.093
B 94.192 46.012 92.196 47.366 0.093 -0.5614 -0.8276 0.093
B 92.196 47.366 90.200 48.720 0.093 -0.5614 -0.8276 0.093
B 90.200 48.720 88.117 49.875 0.093 -0.4849 -0.8746 0.093
B 88.117 49.875 86.033 51.030 0.093 -0.4849 -0.8746 0.093
B 86.033 51.030 83.950 52.185 0.093 -0.4849 -0.8746 0.093
B 83.950 52.185 81.867 53.340 0.093 -0.4849 -0.8746 0.093
B 81.867 53.340 79.783 54.495 2.493 -0.4849 -0.8746 0.093
B 79.783 54.495 77.700 55.650 2.493 -0.4849 -0.8746 2.493
B 77.700 55.650 76.018 54.320 2.493 0.6202 -0.7844 2.493
B 76.018 54.320 74.336 52.990 2.493 0.6202 -0.7844 2.493
B 74.336 52.990 72.654 51.660 2.493 0.6202 -0.7844 2.493
B 72.654 51.660 70.972 50.330 2.493 0.6202 -0.7844 2.493
B 70.972 50.330 69.290 49.000 2.493 0.6202 -0.7844 2.493
B 69.290 49.000 67.772 47.460 2.493 0.7121 -0.7021 2.493
B 67.772 47.460 66.253 45.920 2.493 0.7121 -0.7021 2.493
B 66.253 45.920 64.735 44.380 2.493 0.7121 -0.7021 2.493
B 64.735 44.380 63.217 42.840 2.702 0.7121 -0.7021 2.493
B 63.217 42.840 61.698 41.300 3.120 0.7121 -0.7021 2.702
B 61.698 41.300 60.180 39.760 3.402 0.7121 -0.7021 3.120
B 60.180 39.760 58.734 38.102 3.602 0.7536 -0.6573 3.396
B 58.734 38.102 57.288 36.444 3.756 0.7536 -0.6573 3.602
B 57.288 36.444 55.842 34.786 3.877 0.7536 -0.6573 3.756
B 55.842 34.786 54.396 33.128 4.005 0.7536 -0.6573 3.877
B 54.396 33.128 52.950 31.470 4.112 0.7536 -0.6573 4.005
B 52.950 31.470 51.897 29.530 4.128 0.8788 -0.4772 4.108
B 51.897 29.530 50.843 27.590 4.126 0.8788 -0.4772 4.106
B 50.843 27.590 49.790 25.650 4.161 0.8788 -0.4772 4.063
B 49.790 25.650 49.300 28.044 4.410 -0.9797 -0.2005 4.166
B 49.300 28.044 48.810 30.439 4.587 -0.9797 -0.2005 4.410
B 48.810 30.439 48.320 32.833 4.708 -0.9797 -0.2005 4.587
B 48.320 32.833 47.830 35.227 4.740 -0.9797 -0.2005 4.708
B 47.830 35.227 47.340 37.621 4.736 -0.9797 -0.2005 4.696
B 47.340 37.621 46.850 40.016 4.707 -0.9797 -0.2005 4.686
B 46.850 40.016 46.360 42.410 4.783 -0.9797 -0.2005 4.707
B 46.360 42.410 45.380 44.337 5.069 -0.8914 -0.4532 4.770
B 45.380 44.337 44.400 46.265 5.224 -0.8914 -0.4532 5.069
B 42.440 50.120 40.967 51.918 5.413 -0.7735 -0.6337 5.310
B 40.967 51.918 39.493 53.717 5.408 -0.7735 -0.6337 5.264
B 39.493 53.717 38.020 55.515 5.264 -0.7735 -0.6337 5.092
B 36.547 57.313 35.073 59.112 5.500 -0.7735 -0.6337 5.077
B 35.073 59.112 33.600 60.910 5.746 -0.7735 -0.6337 5.500
