27.787 99.786 11.390 116.46
35.458 100.642 9.840 114.91
43.405 101.748 8.970 114.04
49.010 103.606 9.020 114.09
57.198 104.049 7.540 112.61
65.554 105.400 6.280 111.35
73.050 104.827 4.700 109.77
82.123 103.926 7.710 112.78
91.152 101.587 8.810 113.88
99.236 102.297 8.230 113.30
106.403 103.177 7.740 112.81
119.127 104.088 5.540 110.61
129.207 104.847 4.820 109.89
136.326 103.896 3.610 108.68
144.889 106.815 2.540 107.61
153.376 107.118 2.990 108.06
161.366 103.773 0.950 106.02
12.002 96.786 12.830 117.90
19.303 98.311 12.740 117.81
2.648 93.386 12.970 118.04
-1.997 92.404 11.660 116.73
-3.282 87.092 11.620 116.69
8.757 88.547 10.750 115.82
13.834 90.297 10.700 115.77
18.472 91.018 9.890 114.96
28.267 92.177 9.000 114.07
37.239 92.454 7.570 112.64
44.265 93.468 7.360 112.43
51.010 93.971 5.630 110.70
59.480 94.663 4.600 109.67
67.928 94.701 4.240 109.31
77.195 95.360 4.110 109.18
83.338 93.530 5.460 110.53
91.798 93.568 5.900 110.97
100.400 93.732 5.590 110.66
109.141 94.021 4.710 109.78
120.168 95.264 3.470 108.54
128.541 96.225 2.460 107.53
138.088 96.482 0.370 105.44
146.849 96.903 -0.870 104.20
153.066 96.381 -1.570 103.50
159.953 95.962 -1.880 103.19
3.601 84.966 10.480 115.55
14.232 84.123 9.800 114.87
24.399 84.610 8.660 113.73
33.786 85.261 7.550 112.62
1.055 80.879 9.670 114.74
18.579 80.922 8.020 113.09
11.501 78.730 8.980 114.05
9.515 75.401 8.360 113.43
16.452 74.186 7.650 112.72
25.893 76.016 6.800 111.87
44.962 87.673 5.460 110.53
54.848 87.387 4.390 109.46
63.070 88.352 3.890 108.96
69.854 89.639 3.030 108.10
77.632 89.181 2.960 108.03
68.805 86.273 3.200 108.27
78.334 86.658 3.150 108.22
87.537 88.894 5.300 110.37
95.461 88.561 5.230 110.30
101.913 87.632 4.550 109.62
110.567 89.106 3.790 108.86
122.138 90.589 2.900 107.97
132.749 90.931 1.010 106.08
140.317 91.270 -0.400 104.67
145.046 89.757 -2.150 102.92
152.790 91.403 -2.410 102.66
160.235 87.147 -4.450 100.62
42.333 81.225 5.350 110.42
35.626 78.491 5.650 110.72
54.090 81.383 4.060 109.13
59.054 83.404 3.380 108.45
64.579 82.776 2.490 107.56
72.531 83.359 1.850 106.92
82.588 83.590 3.770 108.84
87.038 82.219 3.770 108.84
96.910 80.618 3.450 108.52
102.609 80.771 2.770 107.84
111.773 81.435 2.420 107.49
123.902 83.551 1.470 106.54
134.599 86.386 0.540 105.61
144.392 85.579 -1.710 103.36
155.522 84.847 -4.190 100.88
150.561 83.214 -4.910 100.16
72.778 79.276 0.930 106.00
81.864 78.102 1.050 106.12
98.640 76.994 2.730 107.80
125.045 77.715 1.080 106.15
131.413 77.708 0.020 105.09
138.036 81.639 -1.120 103.95
145.328 81.330 -3.220 101.85
149.405 79.973 -4.170 100.90
163.579 83.191 -7.650 97.42
158.579 80.243 -7.180 97.89
52.500 74.356 3.840 108.91
61.186 73.328 1.640 106.71
68.077 73.692 0.310 105.38
74.715 74.329 -0.320 104.75
82.436 75.579 1.190 106.26
95.728 73.170 2.030 107.10
103.275 72.980 2.060 107.13
111.506 73.288 1.760 106.83
122.092 72.442 0.750 105.82
143.752 77.448 -3.730 101.34
138.489 74.642 -3.510 101.56
144.388 72.019 -5.750 99.32
147.647 74.384 -6.420 98.65
153.931 75.699 -7.490 97.58
147.605 72.937 -7.230 97.84
148.153 68.957 -6.970 98.10
86.268 71.599 0.930 106.00
115.352 69.172 1.070 106.14
125.409 68.214 -0.290 104.78
137.690 70.195 -2.520 102.55
130.192 68.274 -2.150 102.92
29.162 68.779 5.780 110.85
47.481 67.599 4.470 109.54
68.328 69.733 0.630 105.70
80.559 67.498 -1.310 103.76
93.156 67.749 0.790 105.86
99.095 66.967 0.940 106.01
54.083 63.891 3.730 108.80
62.270 66.964 1.100 106.17
74.249 65.133 -0.330 104.74
88.122 64.010 -0.080 104.99
122.420 61.878 -1.220 103.85
18.692 67.781 7.240 112.31
25.980 65.231 6.330 111.40
25.666 60.768 6.500 111.57
38.644 61.394 4.960 110.03
69.619 61.642 0.580 105.65
70.169 58.584 1.030 106.10
73.547 56.723 1.080 106.15
84.579 61.261 -2.640 102.43
87.494 57.441 -3.070 102.00
99.097 59.185 0.270 105.34
107.349 59.885 -0.050 105.02
115.973 59.646 -0.220 104.85
127.887 58.209 -3.080 101.99
127.587 61.392 -2.480 102.59
136.637 66.151 -6.620 98.45
136.481 61.009 -6.330 98.74
144.513 62.778 -6.830 98.24
138.185 55.782 -6.810 98.26
131.981 53.009 -7.550 97.52
128.927 48.907 -7.730 97.34
135.420 47.963 -6.710 98.36
59.428 58.257 3.400 108.47
49.816 56.166 4.330 109.40
68.064 55.376 1.870 106.94
106.003 55.321 -1.000 104.07
111.796 53.749 -1.450 103.62
116.757 55.121 -1.610 103.46
94.585 51.454 -3.810 101.26
34.331 56.044 6.050 111.12
34.881 53.250 5.860 110.93
46.248 52.889 4.520 109.59
75.734 51.214 0.890 105.96
82.149 48.821 -0.360 104.71
105.819 49.777 -2.240 102.83
111.667 49.788 -2.680 102.39
117.495 49.138 -4.850 100.22
123.364 49.677 -5.000 100.07
39.283 50.815 5.600 110.67
54.009 48.062 3.790 108.86
66.071 48.066 2.360 107.43
66.998 44.455 1.860 106.93
76.560 44.700 1.160 106.23
101.617 47.314 -3.470 101.60
112.728 45.639 -4.000 101.07
122.537 44.550 -6.120 98.95
36.722 46.304 5.480 110.55
42.969 43.520 5.370 110.44
48.942 43.788 4.240 109.31
59.736 45.301 3.290 108.36
80.584 42.142 0.910 105.98
90.467 43.697 -2.710 102.36
106.657 42.991 -3.970 101.10
95.402 44.276 -4.280 100.79
41.130 40.559 5.240 110.31
62.741 40.539 2.980 108.05
71.210 39.904 1.280 106.35
85.919 38.996 -0.370 104.70
95.509 39.636 -3.530 101.54
112.546 35.974 -6.150 98.92
116.358 38.592 -6.180 98.89
131.546 38.856 -6.820 98.25
40.598 37.142 4.910 109.98
53.285 36.055 4.270 109.34
64.453 36.624 2.090 107.16
92.833 35.247 -2.900 102.17
104.366 34.078 -5.390 99.68
120.726 33.625 -7.340 97.73
44.047 33.812 4.930 110.00
49.293 32.256 4.580 109.65
56.701 31.665 3.690 108.76
99.710 30.169 -4.350 100.72
109.414 29.741 -5.930 99.14
128.356 30.501 -7.140 97.93
44.365 28.364 4.740 109.81
62.365 26.905 2.780 107.85
52.999 25.063 3.730 108.80
105.759 23.924 -5.960 99.11
39.940 23.784 4.560 109.63
45.651 20.477 3.900 108.97
56.761 19.186 2.520 107.59
42.767 14.625 3.610 108.68
50.201 14.427 3.320 108.39
57.553 11.970 2.550 107.62
47.337 9.100 3.040 108.11
41.888 5.749 2.820 107.89
56.668 6.151 2.650 107.72
48.970 3.166 3.120 108.19
