Q 53.821 50.739 3.476 48.488 61.812 3.476 48.488 61.812 4.647 53.821 50.739 4.647
Q 56.548 48.324 3.476 53.821 50.739 3.476 53.821 50.739 4.369 56.548 48.324 4.369
Q 72.527 63.264 1.195 71.823 51.002 1.195 71.823 51.002 3.476 72.527 63.264 3.476
Q 91.652 58.567 -0.237 90.126 64.327 -0.237 90.126 64.327 1.195 91.652 58.567 1.195
Q 97.576 54.462 -0.237 91.652 58.567 -0.237 91.652 58.567 0.234 97.576 54.462 0.234
Q 107.666 58.679 -0.708 102.787 54.551 -0.708 102.787 54.551 -0.237 107.666 58.679 -0.237
Q 106.395 65.310 -1.612 107.673 59.435 -1.612 107.673 59.435 -0.237 106.395 65.310 -0.237
Q 107.673 59.435 -1.599 107.666 58.679 -1.599 107.666 58.679 -0.237 107.673 59.435 -0.237
Q 53.821 50.739 4.369 45.267 44.568 4.369 45.267 44.568 4.647 53.821 50.739 4.647
Q 56.548 48.324 3.498 49.682 26.197 3.498 49.682 26.197 4.369 56.548 48.324 4.369
Q 91.652 58.567 0.234 89.134 49.315 0.234 89.134 49.315 1.195 91.652 58.567 1.195
Q 97.576 54.462 -0.221 97.885 49.331 -0.221 97.885 49.331 0.234 97.576 54.462 0.234
Q 97.877 49.317 -0.225 98.072 46.019 -0.225 98.072 46.019 0.230 97.877 49.317 0.230
Q 98.072 46.019 -0.231 96.985 44.121 -0.231 96.985 44.121 0.230 98.072 46.019 0.230
Q 103.040 49.624 -0.708 103.072 49.579 -0.708 103.072 49.579 -0.225 103.040 49.624 -0.225
Q 103.072 49.579 -0.713 103.226 46.335 -0.713 103.226 46.335 -0.225 103.072 49.579 -0.225
Q 102.787 54.551 -0.708 103.040 49.624 -0.708 103.040 49.624 -0.221 102.787 54.551 -0.221
Q 103.226 46.335 -0.713 104.145 44.989 -0.713 104.145 44.989 -0.231 103.226 46.335 -0.231
Q 107.666 58.679 -1.599 109.419 56.038 -1.599 109.419 56.038 -0.708 107.666 58.679 -0.708
Q 109.419 56.038 -1.585 111.212 50.203 -1.585 111.212 50.203 -0.708 109.419 56.038 -0.708
Q 66.977 76.953 0.929 67.817 62.979 0.929 67.817 62.979 3.666 66.977 76.953 3.666
Q 100.560 78.949 -1.811 101.274 65.001 -1.811 101.274 65.001 0.929 100.560 78.949 0.929
Q 35.429 90.087 6.352 38.466 75.257 6.352 38.466 75.257 7.119 35.429 90.087 7.119
Q 44.346 75.606 5.674 46.441 91.790 5.674 46.441 91.790 6.352 44.346 75.606 6.352
Q 65.631 92.724 2.688 66.748 76.939 2.688 66.748 76.939 5.674 65.631 92.724 5.674
Q 111.888 92.982 -2.236 112.814 79.678 -2.236 112.814 79.678 2.688 111.888 92.982 2.688
Q 33.799 60.672 3.666 33.603 60.912 3.666 33.603 60.912 4.647 33.799 60.672 4.647
Q 33.603 60.912 3.666 34.747 60.981 3.666 34.747 60.981 4.647 33.603 60.912 4.647
Q 34.747 60.981 3.666 35.891 61.050 3.666 35.891 61.050 4.647 34.747 60.981 4.647
Q 35.891 61.050 3.666 37.035 61.119 3.666 37.035 61.119 4.647 35.891 61.050 4.647
Q 37.035 61.119 3.666 38.186 61.189 3.666 38.186 61.189 4.647 37.035 61.119 4.647
Q 38.186 61.189 3.666 39.337 61.258 3.666 39.337 61.258 4.647 38.186 61.189 4.647
Q 39.337 61.258 3.666 40.487 61.328 3.666 40.487 61.328 4.647 39.337 61.258 4.647
Q 40.487 61.328 3.666 41.638 61.397 3.666 41.638 61.397 4.647 40.487 61.328 4.647
Q 41.638 61.397 3.666 42.789 61.467 3.666 42.789 61.467 4.647 41.638 61.397 4.647
Q 42.789 61.467 3.666 43.788 61.527 3.666 43.788 61.527 4.647 42.789 61.467 4.647
Q 43.788 61.527 3.666 44.786 61.588 3.666 44.786 61.588 4.647 43.788 61.527 4.647
Q 44.786 61.588 3.666 45.785 61.648 3.666 45.785 61.648 4.647 44.786 61.588 4.647
Q 45.785 61.648 3.666 46.783 61.709 3.666 46.783 61.709 4.647 45.785 61.648 4.647
Q 46.783 61.709 3.666 47.782 61.769 3.666 47.782 61.769 4.647 46.783 61.709 4.647
Q 47.782 61.769 3.666 48.780 61.829 3.666 48.780 61.829 4.647 47.782 61.769 4.647
Q 48.780 61.829 3.476 49.779 61.890 3.476 49.779 61.890 3.666 48.780 61.829 3.666
Q 49.779 61.890 3.476 50.777 61.950 3.476 50.777 61.950 3.666 49.779 61.890 3.666
Q 50.777 61.950 3.476 51.917 62.019 3.476 51.917 62.019 3.666 50.777 61.950 3.666
Q 51.917 62.019 3.476 53.058 62.088 3.476 53.058 62.088 3.666 51.917 62.019 3.666
Q 53.058 62.088 3.476 54.198 62.157 3.476 54.198 62.157 3.666 53.058 62.088 3.666
Q 54.198 62.157 3.476 55.339 62.225 3.476 55.339 62.225 3.666 54.198 62.157 3.666
Q 55.339 62.225 3.476 56.479 62.294 3.476 56.479 62.294 3.666 55.339 62.225 3.666
Q 56.479 62.294 3.476 57.620 62.363 3.476 57.620 62.363 3.666 56.479 62.294 3.666
Q 57.620 62.363 3.476 58.760 62.432 3.476 58.760 62.432 3.666 57.620 62.363 3.666
Q 58.760 62.432 3.476 59.861 62.498 3.476 59.861 62.498 3.666 58.760 62.432 3.666
Q 59.861 62.498 3.476 60.962 62.565 3.476 60.962 62.565 3.666 59.861 62.498 3.666
Q 60.962 62.565 3.476 62.064 62.632 3.476 62.064 62.632 3.666 60.962 62.565 3.666
Q 62.064 62.632 3.476 63.165 62.698 3.476 63.165 62.698 3.666 62.064 62.632 3.666
Q 63.165 62.698 3.476 64.266 62.764 3.476 64.266 62.764 3.666 63.165 62.698 3.666
Q 64.266 62.764 3.476 65.367 62.831 3.476 65.367 62.831 3.666 64.266 62.764 3.666
Q 65.367 62.831 3.476 66.469 62.898 3.476 66.469 62.898 3.666 65.367 62.831 3.666
Q 66.469 62.898 3.476 67.570 62.964 3.476 67.570 62.964 3.666 66.469 62.898 3.666
Q 67.570 62.964 0.929 68.660 63.030 0.929 68.660 63.030 3.476 67.570 62.964 3.476
Q 68.660 63.030 0.929 69.750 63.096 0.929 69.750 63.096 3.476 68.660 63.030 3.476
Q 69.750 63.096 0.929 70.840 63.162 0.929 70.840 63.162 3.476 69.750 63.096 3.476
Q 70.840 63.162 0.929 71.930 63.227 0.929 71.930 63.227 3.476 70.840 63.162 3.476
Q 71.930 63.227 0.929 73.021 63.293 0.929 73.021 63.293 3.476 71.930 63.227 3.476
Q 73.021 63.293 0.929 74.111 63.359 0.929 74.111 63.359 1.195 73.021 63.293 1.195
Q 74.111 63.359 0.929 75.201 63.425 0.929 75.201 63.425 1.195 74.111 63.359 1.195
Q 75.201 63.425 0.929 76.291 63.491 0.929 76.291 63.491 1.195 75.201 63.425 1.195
Q 76.291 63.491 0.929 77.292 63.551 0.929 77.292 63.551 1.195 76.291 63.491 1.195
Q 77.292 63.551 0.929 78.293 63.612 0.929 78.293 63.612 1.195 77.292 63.551 1.195
Q 78.293 63.612 0.929 79.294 63.672 0.929 79.294 63.672 1.195 78.293 63.612 1.195
Q 79.294 63.672 0.929 80.295 63.733 0.929 80.295 63.733 1.195 79.294 63.672 1.195
Q 80.295 63.733 0.929 81.296 63.794 0.929 81.296 63.794 1.195 80.295 63.733 1.195
Q 81.296 63.794 0.929 82.297 63.854 0.929 82.297 63.854 1.195 81.296 63.794 1.195
Q 82.297 63.854 0.929 83.298 63.915 0.929 83.298 63.915 1.195 82.297 63.854 1.195
Q 83.298 63.915 0.929 84.299 63.975 0.929 84.299 63.975 1.195 83.298 63.915 1.195
Q 84.299 63.975 0.929 85.436 64.044 0.929 85.436 64.044 1.195 84.299 63.975 1.195
Q 85.436 64.044 0.929 86.574 64.112 0.929 86.574 64.112 1.195 85.436 64.044 1.195
Q 86.574 64.112 0.929 87.711 64.181 0.929 87.711 64.181 1.195 86.574 64.112 1.195
Q 87.711 64.181 0.929 88.849 64.250 0.929 88.849 64.250 1.195 87.711 64.181 1.195
Q 88.849 64.250 0.929 89.986 64.319 0.929 89.986 64.319 1.195 88.849 64.250 1.195
Q 89.986 64.319 -0.237 91.124 64.387 -0.237 91.124 64.387 0.929 89.986 64.319 0.929
Q 91.124 64.387 -0.237 92.261 64.456 -0.237 92.261 64.456 0.929 91.124 64.387 0.929
Q 92.261 64.456 -0.237 93.351 64.522 -0.237 93.351 64.522 0.929 92.261 64.456 0.929
Q 93.351 64.522 -0.237 94.441 64.588 -0.237 94.441 64.588 0.929 93.351 64.522 0.929
Q 94.441 64.588 -0.237 95.531 64.654 -0.237 95.531 64.654 0.929 94.441 64.588 0.929
Q 95.531 64.654 -0.237 96.620 64.720 -0.237 96.620 64.720 0.929 95.531 64.654 0.929
Q 96.620 64.720 -0.237 97.710 64.785 -0.237 97.710 64.785 0.929 96.620 64.720 0.929
Q 97.710 64.785 -0.237 98.800 64.851 -0.237 98.800 64.851 0.929 97.710 64.785 0.929
Q 98.800 64.851 -0.237 99.890 64.917 -0.237 99.890 64.917 0.929 98.800 64.851 0.929
Q 99.890 64.917 -0.237 100.980 64.983 -0.237 100.980 64.983 0.929 99.890 64.917 0.929
Q 100.980 64.983 -1.811 102.070 65.049 -1.811 102.070 65.049 -0.237 100.980 64.983 -0.237
Q 102.070 65.049 -1.811 103.159 65.115 -1.811 103.159 65.115 -0.237 102.070 65.049 -0.237
Q 103.159 65.115 -1.811 104.249 65.181 -1.811 104.249 65.181 -0.237 103.159 65.115 -0.237
Q 104.249 65.181 -1.811 105.338 65.246 -1.811 105.338 65.246 -0.237 104.249 65.181 -0.237
Q 105.338 65.246 -1.811 106.427 65.312 -1.811 106.427 65.312 -0.237 105.338 65.246 -0.237
Q 106.427 65.312 -1.811 107.517 65.378 -1.811 107.517 65.378 -1.612 106.427 65.312 -1.612
Q 107.517 65.378 -1.811 108.606 65.444 -1.811 108.606 65.444 -1.612 107.517 65.378 -1.612
Q 108.606 65.444 -1.811 109.696 65.510 -1.811 109.696 65.510 -1.612 108.606 65.444 -1.612
Q 109.696 65.510 -1.811 110.837 65.579 -1.811 110.837 65.579 -1.612 109.696 65.510 -1.612
Q 110.837 65.579 -1.811 111.977 65.648 -1.811 111.977 65.648 -1.612 110.837 65.579 -1.612
Q 111.977 65.648 -1.811 113.118 65.717 -1.811 113.118 65.717 -1.612 111.977 65.648 -1.612
Q 113.118 65.717 -1.811 114.259 65.785 -1.811 114.259 65.785 -1.612 113.118 65.717 -1.612
Q 114.259 65.785 -1.811 115.400 65.854 -1.811 115.400 65.854 -1.612 114.259 65.785 -1.612
Q 115.400 65.854 -1.811 116.540 65.923 -1.811 116.540 65.923 -1.612 115.400 65.854 -1.612
Q 116.540 65.923 -1.811 117.681 65.992 -1.811 117.681 65.992 -1.612 116.540 65.923 -1.612
Q 117.681 65.992 -1.811 118.679 66.052 -1.811 118.679 66.052 -1.612 117.681 65.992 -1.612
Q 118.679 66.052 -1.811 119.677 66.113 -1.811 119.677 66.113 -1.612 118.679 66.052 -1.612
Q 119.677 66.113 -1.811 120.676 66.173 -1.811 120.676 66.173 -1.612 119.677 66.113 -1.612
Q 120.676 66.173 -1.811 121.674 66.233 -1.811 121.674 66.233 -1.612 120.676 66.173 -1.612
Q 121.674 66.233 -1.811 122.672 66.294 -1.811 122.672 66.294 -1.612 121.674 66.233 -1.612
Q 122.672 66.294 -1.811 123.671 66.354 -1.811 123.671 66.354 -1.612 122.672 66.294 -1.612
Q 123.671 66.354 -1.811 124.669 66.415 -1.811 124.669 66.415 -1.612 123.671 66.354 -1.612
Q 124.669 66.415 -1.811 125.667 66.475 -1.811 125.667 66.475 -1.612 124.669 66.415 -1.612
Q 125.667 66.475 -1.811 126.705 66.538 -1.811 126.705 66.538 -1.612 125.667 66.475 -1.612
Q 126.705 66.538 -1.811 127.744 66.601 -1.811 127.744 66.601 -1.612 126.705 66.538 -1.612
Q 127.744 66.601 -1.811 128.782 66.663 -1.811 128.782 66.663 -1.612 127.744 66.601 -1.612
Q 128.782 66.663 -1.811 129.821 66.726 -1.811 129.821 66.726 -1.612 128.782 66.663 -1.612
Q 129.821 66.726 -1.811 130.859 66.789 -1.811 130.859 66.789 -1.612 129.821 66.726 -1.612
Q 130.859 66.789 -1.811 131.860 66.850 -1.811 131.860 66.850 -1.612 130.859 66.789 -1.612
Q 131.860 66.850 -1.811 132.861 66.910 -1.811 132.861 66.910 -1.612 131.860 66.850 -1.612
Q 132.861 66.910 -1.811 133.861 66.971 -1.811 133.861 66.971 -1.612 132.861 66.910 -1.612
Q 133.861 66.971 -1.811 134.862 67.031 -1.811 134.862 67.031 -1.612 133.861 66.971 -1.612
Q 134.862 67.031 -1.811 135.213 67.052 -1.811 135.213 67.052 -1.612 134.862 67.031 -1.612
Q 135.213 67.052 -1.811 134.886 66.782 -1.811 134.886 66.782 -1.612 135.213 67.052 -1.612
Q 21.298 73.986 3.666 21.063 74.222 3.666 21.063 74.222 7.119 21.298 73.986 7.119
Q 21.063 74.222 3.666 22.248 74.292 3.666 22.248 74.292 7.119 21.063 74.222 7.119
Q 22.248 74.292 3.666 23.433 74.363 3.666 23.433 74.363 7.119 22.248 74.292 7.119
Q 23.433 74.363 3.666 24.618 74.433 3.666 24.618 74.433 7.119 23.433 74.363 7.119
Q 24.618 74.433 3.666 25.756 74.501 3.666 25.756 74.501 7.119 24.618 74.433 7.119
Q 25.756 74.501 3.666 26.894 74.569 3.666 26.894 74.569 7.119 25.756 74.501 7.119
Q 26.894 74.569 3.666 28.032 74.636 3.666 28.032 74.636 7.119 26.894 74.569 7.119
Q 28.032 74.636 3.666 29.170 74.704 3.666 29.170 74.704 7.119 28.032 74.636 7.119
Q 29.170 74.704 3.666 30.308 74.772 3.666 30.308 74.772 7.119 29.170 74.704 7.119
Q 30.308 74.772 3.666 31.306 74.831 3.666 31.306 74.831 7.119 30.308 74.772 7.119
Q 31.306 74.831 3.666 32.305 74.891 3.666 32.305 74.891 7.119 31.306 74.831 7.119
Q 32.305 74.891 3.666 33.303 74.950 3.666 33.303 74.950 7.119 32.305 74.891 7.119
Q 33.303 74.950 3.666 34.302 75.010 3.666 34.302 75.010 7.119 33.303 74.950 7.119
Q 34.302 75.010 3.666 35.300 75.069 3.666 35.300 75.069 7.119 34.302 75.010 7.119
Q 35.300 75.069 3.666 36.298 75.128 3.666 36.298 75.128 7.119 35.300 75.069 7.119
Q 36.298 75.128 3.666 37.297 75.188 3.666 37.297 75.188 7.119 36.298 75.128 7.119
Q 37.297 75.188 3.666 38.295 75.247 3.666 38.295 75.247 7.119 37.297 75.188 7.119
Q 38.295 75.247 3.666 39.436 75.315 3.666 39.436 75.315 6.352 38.295 75.247 6.352
Q 39.436 75.315 3.666 40.576 75.382 3.666 40.576 75.382 6.352 39.436 75.315 6.352
Q 40.576 75.382 3.666 41.717 75.450 3.666 41.717 75.450 6.352 40.576 75.382 6.352
Q 41.717 75.450 3.666 42.857 75.518 3.666 42.857 75.518 6.352 41.717 75.450 6.352
Q 42.857 75.518 3.666 43.998 75.586 3.666 43.998 75.586 6.352 42.857 75.518 6.352
Q 43.998 75.586 3.666 45.138 75.653 3.666 45.138 75.653 5.674 43.998 75.586 5.674
Q 45.138 75.653 3.666 46.279 75.721 3.666 46.279 75.721 5.674 45.138 75.653 5.674
Q 46.279 75.721 3.666 47.299 75.782 3.666 47.299 75.782 5.674 46.279 75.721 5.674
Q 47.299 75.782 3.666 48.318 75.842 3.666 48.318 75.842 5.674 47.299 75.782 5.674
Q 48.318 75.842 3.666 49.338 75.903 3.666 49.338 75.903 5.674 48.318 75.842 5.674
Q 49.338 75.903 3.666 50.357 75.964 3.666 50.357 75.964 5.674 49.338 75.903 5.674
Q 50.357 75.964 3.666 51.377 76.024 3.666 51.377 76.024 5.674 50.357 75.964 5.674
Q 51.377 76.024 3.666 52.396 76.085 3.666 52.396 76.085 5.674 51.377 76.024 5.674
Q 52.396 76.085 3.666 53.416 76.146 3.666 53.416 76.146 5.674 52.396 76.085 5.674
Q 53.416 76.146 3.666 54.435 76.206 3.666 54.435 76.206 5.674 53.416 76.146 5.674
Q 54.435 76.206 3.666 55.455 76.267 3.666 55.455 76.267 5.674 54.435 76.206 5.674
Q 55.455 76.267 3.666 56.470 76.327 3.666 56.470 76.327 5.674 55.455 76.267 5.674
Q 56.470 76.327 3.666 57.484 76.388 3.666 57.484 76.388 5.674 56.470 76.327 5.674
Q 57.484 76.388 3.666 58.499 76.448 3.666 58.499 76.448 5.674 57.484 76.388 5.674
Q 58.499 76.448 3.666 59.513 76.508 3.666 59.513 76.508 5.674 58.499 76.448 5.674
Q 59.513 76.508 3.666 60.528 76.569 3.666 60.528 76.569 5.674 59.513 76.508 5.674
Q 60.528 76.569 3.666 61.542 76.629 3.666 61.542 76.629 5.674 60.528 76.569 5.674
Q 61.542 76.629 3.666 62.557 76.690 3.666 62.557 76.690 5.674 61.542 76.629 5.674
Q 62.557 76.690 3.666 63.571 76.750 3.666 63.571 76.750 5.674 62.557 76.690 5.674
Q 63.571 76.750 3.666 64.586 76.810 3.666 64.586 76.810 5.674 63.571 76.750 5.674
Q 64.586 76.810 3.666 65.600 76.871 3.666 65.600 76.871 5.674 64.586 76.810 5.674
Q 65.600 76.871 3.666 66.615 76.931 3.666 66.615 76.931 5.674 65.600 76.871 5.674
Q 66.615 76.931 0.929 67.621 76.991 0.929 67.621 76.991 2.688 66.615 76.931 2.688
Q 67.621 76.991 0.929 68.626 77.051 0.929 68.626 77.051 2.688 67.621 76.991 2.688
Q 68.626 77.051 0.929 69.632 77.110 0.929 69.632 77.110 2.688 68.626 77.051 2.688
Q 69.632 77.110 0.929 70.638 77.170 0.929 70.638 77.170 2.688 69.632 77.110 2.688
Q 70.638 77.170 0.929 71.644 77.230 0.929 71.644 77.230 2.688 70.638 77.170 2.688
Q 71.644 77.230 0.929 72.649 77.290 0.929 72.649 77.290 2.688 71.644 77.230 2.688
Q 72.649 77.290 0.929 73.655 77.350 0.929 73.655 77.350 2.688 72.649 77.290 2.688
Q 73.655 77.350 0.929 74.661 77.410 0.929 74.661 77.410 2.688 73.655 77.350 2.688
Q 74.661 77.410 0.929 75.666 77.469 0.929 75.666 77.469 2.688 74.661 77.410 2.688
Q 75.666 77.469 0.929 76.672 77.529 0.929 76.672 77.529 2.688 75.666 77.469 2.688
Q 76.672 77.529 0.929 77.678 77.589 0.929 77.678 77.589 2.688 76.672 77.529 2.688
Q 77.678 77.589 0.929 78.683 77.649 0.929 78.683 77.649 2.688 77.678 77.589 2.688
Q 78.683 77.649 0.929 79.689 77.709 0.929 79.689 77.709 2.688 78.683 77.649 2.688
Q 79.689 77.709 0.929 80.695 77.769 0.929 80.695 77.769 2.688 79.689 77.709 2.688
Q 80.695 77.769 0.929 81.701 77.828 0.929 81.701 77.828 2.688 80.695 77.769 2.688
Q 81.701 77.828 0.929 82.706 77.888 0.929 82.706 77.888 2.688 81.701 77.828 2.688
Q 82.706 77.888 0.929 83.712 77.948 0.929 83.712 77.948 2.688 82.706 77.888 2.688
Q 83.712 77.948 0.929 84.720 78.008 0.929 84.720 78.008 2.688 83.712 77.948 2.688
Q 84.720 78.008 0.929 85.727 78.068 0.929 85.727 78.068 2.688 84.720 78.008 2.688
Q 85.727 78.068 0.929 86.734 78.128 0.929 86.734 78.128 2.688 85.727 78.068 2.688
Q 86.734 78.128 0.929 87.742 78.188 0.929 87.742 78.188 2.688 86.734 78.128 2.688
Q 87.742 78.188 0.929 88.750 78.247 0.929 88.750 78.247 2.688 87.742 78.188 2.688
Q 88.750 78.247 0.929 89.757 78.307 0.929 89.757 78.307 2.688 88.750 78.247 2.688
Q 89.757 78.307 0.929 90.764 78.367 0.929 90.764 78.367 2.688 89.757 78.307 2.688
Q 90.764 78.367 0.929 91.772 78.427 0.929 91.772 78.427 2.688 90.764 78.367 2.688
Q 91.772 78.427 0.929 92.793 78.488 0.929 92.793 78.488 2.688 91.772 78.427 2.688
Q 92.793 78.488 0.929 93.813 78.548 0.929 93.813 78.548 2.688 92.793 78.488 2.688
Q 93.813 78.548 0.929 94.834 78.609 0.929 94.834 78.609 2.688 93.813 78.548 2.688
Q 94.834 78.609 0.929 95.855 78.670 0.929 95.855 78.670 2.688 94.834 78.609 2.688
Q 95.855 78.670 0.929 96.875 78.730 0.929 96.875 78.730 2.688 95.855 78.670 2.688
Q 96.875 78.730 0.929 97.896 78.791 0.929 97.896 78.791 2.688 96.875 78.730 2.688
Q 97.896 78.791 0.929 98.917 78.852 0.929 98.917 78.852 2.688 97.896 78.791 2.688
Q 98.917 78.852 0.929 99.937 78.912 0.929 99.937 78.912 2.688 98.917 78.852 2.688
Q 99.937 78.912 0.929 100.958 78.973 0.929 100.958 78.973 2.688 99.937 78.912 2.688
Q 100.958 78.973 -1.811 101.958 79.032 -1.811 101.958 79.032 2.688 100.958 78.973 2.688
Q 101.958 79.032 -1.811 102.958 79.092 -1.811 102.958 79.092 2.688 101.958 79.032 2.688
Q 102.958 79.092 -1.811 103.959 79.151 -1.811 103.959 79.151 2.688 102.958 79.092 2.688
Q 103.959 79.151 -1.811 104.959 79.211 -1.811 104.959 79.211 2.688 103.959 79.151 2.688
Q 104.959 79.211 -1.811 105.959 79.270 -1.811 105.959 79.270 2.688 104.959 79.211 2.688
Q 105.959 79.270 -1.811 106.959 79.330 -1.811 106.959 79.330 2.688 105.959 79.270 2.688
Q 106.959 79.330 -1.811 107.960 79.389 -1.811 107.960 79.389 2.688 106.959 79.330 2.688
Q 107.960 79.389 -1.811 108.960 79.449 -1.811 108.960 79.449 2.688 107.960 79.389 2.688
Q 108.960 79.449 -1.811 109.960 79.508 -1.811 109.960 79.508 2.688 108.960 79.449 2.688
Q 109.960 79.508 -1.811 110.960 79.568 -1.811 110.960 79.568 2.688 109.960 79.508 2.688
Q 110.960 79.568 -1.811 111.960 79.627 -1.811 111.960 79.627 2.688 110.960 79.568 2.688
Q 111.960 79.627 -1.811 112.961 79.687 -1.811 112.961 79.687 2.688 111.960 79.627 2.688
Q 112.961 79.687 -2.236 113.961 79.746 -2.236 113.961 79.746 -1.811 112.961 79.687 -1.811
Q 113.961 79.746 -2.236 114.961 79.806 -2.236 114.961 79.806 -1.811 113.961 79.746 -1.811
Q 114.961 79.806 -2.236 115.961 79.865 -2.236 115.961 79.865 -1.811 114.961 79.806 -1.811
Q 115.961 79.865 -2.236 116.961 79.925 -2.236 116.961 79.925 -1.811 115.961 79.865 -1.811
Q 116.961 79.925 -2.236 117.962 79.984 -2.236 117.962 79.984 -1.811 116.961 79.925 -1.811
Q 117.962 79.984 -2.236 118.962 80.044 -2.236 118.962 80.044 -1.811 117.962 79.984 -1.811
Q 118.962 80.044 -2.236 119.962 80.103 -2.236 119.962 80.103 -1.811 118.962 80.044 -1.811
Q 119.962 80.103 -2.236 120.962 80.163 -2.236 120.962 80.163 -1.811 119.962 80.103 -1.811
Q 120.962 80.163 -2.236 121.963 80.222 -2.236 121.963 80.222 -1.811 120.962 80.163 -1.811
Q 121.963 80.222 -2.236 122.963 80.282 -2.236 122.963 80.282 -1.811 121.963 80.222 -1.811
Q 122.963 80.282 -2.236 123.963 80.341 -2.236 123.963 80.341 -1.811 122.963 80.282 -1.811
Q 123.963 80.341 -2.236 124.984 80.402 -2.236 124.984 80.402 -1.811 123.963 80.341 -1.811
Q 124.984 80.402 -2.236 126.004 80.463 -2.236 126.004 80.463 -1.811 124.984 80.402 -1.811
Q 126.004 80.463 -2.236 127.025 80.523 -2.236 127.025 80.523 -1.811 126.004 80.463 -1.811
Q 127.025 80.523 -2.236 128.045 80.584 -2.236 128.045 80.584 -1.811 127.025 80.523 -1.811
Q 128.045 80.584 -2.236 129.066 80.645 -2.236 129.066 80.645 -1.811 128.045 80.584 -1.811
Q 129.066 80.645 -2.236 130.086 80.706 -2.236 130.086 80.706 -1.811 129.066 80.645 -1.811
Q 130.086 80.706 -2.236 131.107 80.766 -2.236 131.107 80.766 -1.811 130.086 80.706 -1.811
Q 131.107 80.766 -2.236 132.127 80.827 -2.236 132.127 80.827 -1.811 131.107 80.766 -1.811
Q 132.127 80.827 -2.236 133.148 80.888 -2.236 133.148 80.888 -1.811 132.127 80.827 -1.811
Q 133.148 80.888 -2.236 134.146 80.947 -2.236 134.146 80.947 -1.811 133.148 80.888 -1.811
Q 134.146 80.947 -2.236 135.144 81.007 -2.236 135.144 81.007 -1.811 134.146 80.947 -1.811
Q 135.144 81.007 -2.236 136.143 81.066 -2.236 136.143 81.066 -1.811 135.144 81.007 -1.811
Q 136.143 81.066 -2.236 137.141 81.125 -2.236 137.141 81.125 -1.811 136.143 81.066 -1.811
Q 137.141 81.125 -2.236 138.139 81.184 -2.236 138.139 81.184 -1.811 137.141 81.125 -1.811
Q 138.139 81.184 -2.236 139.137 81.243 -2.236 139.137 81.243 -1.811 138.139 81.184 -1.811
Q 139.137 81.243 -2.236 140.136 81.303 -2.236 140.136 81.303 -1.811 139.137 81.243 -1.811
Q 140.136 81.303 -2.236 141.134 81.362 -2.236 141.134 81.362 -1.811 140.136 81.303 -1.811
Q 141.134 81.362 -2.236 142.132 81.421 -2.236 142.132 81.421 -1.811 141.134 81.362 -1.811
Q 142.132 81.421 -2.236 143.130 81.481 -2.236 143.130 81.481 -1.811 142.132 81.421 -1.811
Q 143.130 81.481 -2.236 144.129 81.540 -2.236 144.129 81.540 -1.811 143.130 81.481 -1.811
Q 144.129 81.540 -2.236 145.127 81.600 -2.236 145.127 81.600 -1.811 144.129 81.540 -1.811
Q 145.127 81.600 -2.236 146.125 81.659 -2.236 146.125 81.659 -1.811 145.127 81.600 -1.811
Q 146.125 81.659 -2.236 147.124 81.718 -2.236 147.124 81.718 -1.811 146.125 81.659 -1.811
Q 147.124 81.718 -2.236 148.122 81.778 -2.236 148.122 81.778 -1.811 147.124 81.718 -1.811
Q 148.122 81.778 -2.236 149.120 81.837 -2.236 149.120 81.837 -1.811 148.122 81.778 -1.811
Q 149.120 81.837 -2.236 150.186 81.900 -2.236 150.186 81.900 -1.811 149.120 81.837 -1.811
Q 150.186 81.900 -2.236 151.253 81.964 -2.236 151.253 81.964 -1.811 150.186 81.900 -1.811
Q 151.253 81.964 -2.236 152.319 82.027 -2.236 152.319 82.027 -1.811 151.253 81.964 -1.811
Q 152.319 82.027 -2.236 153.386 82.091 -2.236 153.386 82.091 -1.811 152.319 82.027 -1.811
Q 153.386 82.091 -2.236 154.452 82.154 -2.236 154.452 82.154 -1.811 153.386 82.091 -1.811
Q 154.452 82.154 -2.236 155.518 82.218 -2.236 155.518 82.218 -1.811 154.452 82.154 -1.811
Q 155.518 82.218 -2.236 156.585 82.281 -2.236 156.585 82.281 -1.811 155.518 82.218 -1.811
Q 156.585 82.281 -2.236 157.651 82.345 -2.236 157.651 82.345 -1.811 156.585 82.281 -1.811
Q 157.651 82.345 -2.236 158.717 82.408 -2.236 158.717 82.408 -1.811 157.651 82.345 -1.811
Q 158.717 82.408 -2.236 159.784 82.472 -2.236 159.784 82.472 -1.811 158.717 82.408 -1.811
Q 159.784 82.472 -2.236 160.850 82.535 -2.236 160.850 82.535 -1.811 159.784 82.472 -1.811
Q 160.850 82.535 -2.236 161.917 82.599 -2.236 161.917 82.599 -1.811 160.850 82.535 -1.811
Q 161.917 82.599 -2.236 162.983 82.662 -2.236 162.983 82.662 -1.811 161.917 82.599 -1.811
Q 162.983 82.662 -2.236 162.492 82.382 -2.236 162.492 82.382 -1.811 162.983 82.662 -1.811
