Q 37.445 56.222 4.597 5.190 36.811 56.996 4.597 5.147
Q 36.811 56.996 4.597 5.147 36.178 57.770 4.597 5.104
Q 36.178 57.770 4.597 5.104 35.544 58.543 4.597 5.061
Q 35.544 58.543 4.597 5.061 34.910 59.317 4.597 5.018
Q 34.910 59.317 4.597 5.018 34.276 60.090 4.597 4.975
Q 95.212 45.324 -3.668 0.230 94.385 45.885 -3.577 0.230
Q 51.230 28.298 3.448 3.684 50.753 27.420 3.448 3.699
Q 50.753 27.420 3.448 3.699 50.276 26.541 3.448 3.715
Q 50.276 26.541 3.448 3.715 49.798 25.662 3.448 3.730
Q 49.798 25.662 3.448 3.730 49.595 26.621 3.761 4.369
Q 49.595 26.621 3.761 4.369 49.394 27.600 3.842 4.369
Q 49.394 27.600 3.842 4.369 49.194 28.580 3.924 4.369
Q 49.194 28.580 3.924 4.369 48.994 29.560 4.006 4.369
Q 48.994 29.560 4.006 4.369 48.793 30.539 4.088 4.369
Q 27.053 68.193 3.616 6.014 26.349 68.902 3.616 6.075
Q 26.349 68.902 3.616 6.075 25.644 69.612 3.616 6.135
Q 25.644 69.612 3.616 6.135 24.939 70.321 3.616 6.196
Q 24.939 70.321 3.616 6.196 24.234 71.031 3.616 6.257
Q 24.234 71.031 3.616 6.257 23.529 71.740 3.616 6.317
Q 23.529 71.740 3.616 6.317 22.824 72.449 3.616 6.378
Q 22.824 72.449 3.616 6.378 22.120 73.159 3.616 6.439
Q 17.073 78.346 7.069 7.402 16.399 79.085 7.069 7.650
Q 16.399 79.085 7.069 7.650 15.725 79.824 7.069 7.898
Q 15.725 79.824 7.069 7.898 15.051 80.563 7.069 8.147
Q 15.051 80.563 7.069 8.147 14.377 81.302 7.069 8.395
Q 14.377 81.302 7.069 8.395 13.704 82.040 7.069 8.643
Q 13.704 82.040 7.069 8.643 13.030 82.779 7.069 8.892
Q 13.030 82.779 7.069 8.892 12.356 83.518 7.069 9.140
