Q 49.750 26.500 3.733 4.469 50.457 26.707 3.655 4.404
Q 50.457 26.707 3.655 4.404 50.811 27.561 3.649 4.369
Q 50.811 27.561 3.649 4.369 51.250 28.379 3.636 4.326
Q 51.250 28.379 3.636 4.326 51.750 29.172 3.616 4.277
Q 51.750 29.172 3.616 4.277 52.225 29.975 3.600 4.231
Q 34.254 59.996 4.933 5.748 34.961 59.289 4.969 5.686
Q 34.961 59.289 4.969 5.686 35.668 58.582 5.002 5.625
Q 35.668 58.582 5.002 5.625 36.021 57.729 5.061 5.596
Q 36.021 57.729 5.061 5.596 36.728 57.022 5.097 5.534
Q 36.728 57.022 5.097 5.534 37.436 56.314 5.132 5.473
Q 37.436 56.314 5.132 5.473 38.143 55.607 5.166 5.411
Q 48.750 30.001 4.059 4.547 49.250 29.208 3.952 4.504
Q 49.250 29.208 3.952 4.504 49.250 28.208 3.895 4.508
Q 49.250 28.208 3.895 4.508 49.456 27.294 3.817 4.493
Q 49.456 27.294 3.817 4.493 49.750 26.500 3.733 4.469
Q 21.716 73.534 6.078 6.474 22.423 72.827 6.006 6.413
Q 22.423 72.827 6.006 6.413 23.130 72.120 5.935 6.352
Q 23.130 72.120 5.935 6.352 23.838 71.412 5.863 6.291
Q 23.838 71.412 5.863 6.291 24.545 70.705 5.792 6.230
Q 24.545 70.705 5.792 6.230 25.252 69.998 5.720 6.169
Q 25.252 69.998 5.720 6.169 25.959 69.291 5.649 6.108
Q 25.959 69.291 5.649 6.108 26.666 68.584 5.577 6.047
Q 11.802 83.948 8.998 9.326 12.509 83.241 8.899 9.072
Q 13.923 81.827 8.519 8.752 14.630 81.120 8.274 8.653
Q 14.630 81.120 8.274 8.653 15.338 80.412 8.029 8.555
Q 15.338 80.412 8.029 8.555 16.045 79.705 7.784 8.456
Q 16.045 79.705 7.784 8.456 16.398 78.852 7.577 8.382
Q 16.398 78.852 7.577 8.382 17.105 78.145 7.323 8.283
