B P115-YAPI1 6.037 6.537 24.468,85.132;50.825,86.699;51.281,79.023;46.089,78.714;45.929,81.399;29.957,80.449;30.117,77.764;24.925,77.455
L P115-YAPI1 6.037 20.078,85.341;20.625,85.375;21.172,85.410;21.718,85.445;22.265,85.480;22.812,85.515;23.359,85.549;23.905,85.584;24.452,85.619;24.971,85.650;25.490,85.681;26.010,85.712;26.529,85.743;27.048,85.774;27.567,85.805;28.086,85.836;28.606,85.867;29.125,85.898;29.644,85.929;29.644,85.929;29.644,85.929;29.673,85.441;37.647,85.915;45.645,86.391;45.615,86.900;45.615,86.900;45.615,86.900;46.131,86.931;46.647,86.961;46.647,86.961;47.164,86.992;47.680,87.023;48.196,87.054;48.712,87.084;49.228,87.115;49.744,87.146;50.261,87.177;50.777,87.207;51.293,87.238;52.451,87.310;53.031,87.346;54.189,87.418;54.768,87.454;54.768,87.454;54.768,87.454;54.800,86.943;54.832,86.431;54.863,85.920;54.895,85.409;54.927,84.897;54.959,84.386;54.991,83.875;55.023,83.363;55.054,82.852;55.086,82.341;55.118,81.830;55.150,81.318;55.182,80.807;55.213,80.296;55.245,79.784;55.277,79.273;55.307,78.772;55.336,78.271;55.337,78.262;23.608,76.375;23.444,76.691;23.210,77.143;22.975,77.594;22.740,78.046;22.506,78.497;22.271,78.949;22.036,79.400;21.801,79.852;21.567,80.304;21.332,80.755;21.097,81.207;20.863,81.658;20.628,82.110;20.393,82.561;20.159,83.013;19.924,83.465;19.689,83.916;19.454,84.368;19.220,84.819;18.985,85.271;18.985,85.271;18.985,85.271;19.532,85.306
B P115-YAPI2 3.098 3.598 69.971,87.834;96.327,89.402;96.784,81.725;91.591,81.416;91.431,84.102;75.460,83.138;75.619,80.466;70.427,80.158
L P115-YAPI2 3.098 69.974,87.836;69.978,87.835;69.982,87.835;75.163,88.143;75.163,88.143;75.165,88.128;75.185,88.130;83.149,88.604;83.149,88.618;83.149,88.618;91.135,89.093;96.324,89.402;96.327,89.402;96.329,89.403;96.330,89.403;96.330,89.403;96.849,89.273;97.368,89.144;97.887,89.014;98.406,88.885;98.926,88.755;99.445,88.625;99.964,88.496;100.483,88.366;100.483,88.366;100.483,88.366;100.508,87.833;100.532,87.300;100.557,86.767;100.582,86.233;100.632,85.167;100.656,84.634;100.681,84.101;100.706,83.567;100.731,83.034;100.755,82.501;100.780,81.968;100.780,81.968;100.810,81.469;100.839,80.970;100.839,80.968;66.496,78.926;66.473,79.325;66.437,79.924;66.406,80.451;66.375,80.979;66.344,81.506;66.312,82.034;66.281,82.561;66.250,83.089;66.219,83.616;66.188,84.144;66.157,84.671;66.126,85.199;66.095,85.726;66.063,86.254;66.032,86.781;66.001,87.309;65.970,87.836;65.970,87.836;65.970,87.836;69.974,87.836;69.974,87.836
B P115-YAPI3 -1.150 -0.650 127.037,91.231;153.394,92.799;153.850,85.122;148.658,84.814;148.498,87.499;132.526,86.549;132.686,83.864;127.494,83.555
L P115-YAPI3 -1.150 127.317,91.323;127.317,91.323;127.320,91.268;127.322,91.249;127.341,91.249;132.229,91.540;132.229,91.540;140.215,92.015;148.201,92.490;153.394,92.799;153.394,92.799;153.394,92.799;153.844,85.218;153.846,85.199;153.865,85.199;153.919,85.202;153.919,85.202;153.929,85.202;153.931,85.202;154.110,85.213;154.129,85.215;154.129,85.234;154.097,85.771;154.064,86.327;154.031,86.884;153.997,87.441;153.964,87.997;153.931,88.554;153.902,89.052;153.860,89.752;153.825,90.345;153.790,90.938;153.754,91.531;153.719,92.124;153.684,92.717;153.673,92.891;153.673,92.891;153.673,92.891;154.185,92.921;154.698,92.952;155.210,92.982;155.723,93.012;156.236,93.043;156.748,93.073;156.748,93.073;156.748,93.073;156.891,92.591;157.034,92.108;157.176,91.626;157.319,91.144;157.462,90.661;157.605,90.179;157.747,89.697;157.890,89.214;158.032,88.736;158.033,88.732;158.036,88.729;158.363,88.327;158.693,87.923;159.023,87.518;159.353,87.113;159.683,86.709;160.013,86.304;160.343,85.899;160.673,85.495;161.003,85.090;161.333,84.685;161.663,84.281;161.993,83.876;162.323,83.471;162.653,83.067;162.983,82.662;162.983,82.662;162.983,82.662;162.470,82.631;161.956,82.601;161.443,82.570;160.929,82.540;160.416,82.509;159.902,82.479;159.389,82.448;158.875,82.418;158.816,82.414;158.698,84.409;123.844,82.336;123.844,82.338;123.815,82.837;123.785,83.336;123.785,83.336;123.741,83.869;123.696,84.401;123.652,84.934;123.607,85.466;123.519,86.532;123.474,87.064;123.430,87.597;123.386,88.130;123.341,88.662;123.297,89.195;123.252,89.727;123.208,90.260;123.208,90.260;123.208,90.260;123.722,90.393;124.235,90.526;124.749,90.659;125.262,90.791;125.776,90.924;126.290,91.057;126.803,91.190;127.317,91.323
B P116-YAPI4 3.295 3.795 37.128,72.083;63.156,73.656;63.635,65.730;58.607,65.427;58.430,68.361;50.444,67.879;42.459,67.396;42.636,64.461;37.607,64.158
L P116-YAPI4 3.295 39.611,72.319;40.115,72.349;41.123,72.409;41.627,72.439;42.131,72.469;42.131,72.469;42.131,72.469;42.135,72.406;42.137,72.387;42.156,72.387;42.157,72.387;50.142,72.870;50.142,72.870;58.107,73.351;58.103,73.419;58.103,73.419;58.103,73.419;58.619,73.450;59.134,73.480;59.650,73.511;60.165,73.542;60.681,73.573;61.197,73.603;61.712,73.634;62.228,73.665;62.743,73.695;63.259,73.726;63.774,73.757;64.290,73.787;64.806,73.818;65.321,73.849;65.837,73.880;66.352,73.910;66.868,73.941;66.868,73.941;66.868,73.941;66.901,73.418;66.935,72.896;66.968,72.373;67.002,71.850;67.035,71.327;67.069,70.805;67.102,70.282;67.135,69.759;67.169,69.237;67.202,68.714;67.236,68.191;67.269,67.668;67.303,67.146;67.336,66.623;67.369,66.100;67.403,65.578;67.436,65.055;67.442,64.959;35.858,63.050;35.681,63.340;35.411,63.784;35.140,64.228;34.869,64.673;34.599,65.117;34.328,65.561;34.057,66.005;33.786,66.450;33.516,66.894;33.245,67.338;32.974,67.782;32.704,68.226;32.433,68.671;32.162,69.115;31.892,69.559;31.621,70.003;31.350,70.447;31.079,70.892;30.809,71.336;30.538,71.780;30.538,71.780;30.538,71.780;31.042,71.810;32.050,71.870;32.554,71.900;33.058,71.930;33.562,71.960;34.066,71.990;35.074,72.050;35.578,72.080;36.082,72.110;36.587,72.139;36.587,72.139;38.099,72.229;38.603,72.259
B P116-YAPI5 0.529 1.029 70.560,74.133;96.588,75.706;97.067,67.780;92.039,67.476;91.862,70.411;75.891,69.446;76.068,66.511;71.039,66.207
L P116-YAPI5 0.529 70.648,70.710;70.654,70.610;70.690,70.010;70.719,69.512;70.785,68.400;70.818,67.844;70.916,66.192;70.918,66.173;70.937,66.173;70.952,66.174;71.022,66.178;71.049,66.181;71.039,66.206;71.039,66.207;71.039,66.207;70.560,74.133;70.560,74.133;70.560,74.133;75.589,74.437;75.589,74.437;83.574,74.919;83.621,74.922;83.621,74.937;83.621,74.937;86.151,75.087;86.657,75.118;87.669,75.178;88.176,75.208;91.718,75.418;92.224,75.449;95.766,75.659;96.273,75.689;97.285,75.749;97.791,75.780;100.321,75.930;100.321,75.930;100.321,75.930;100.352,75.409;100.352,75.409;100.384,74.887;100.415,74.366;100.447,73.845;100.478,73.324;100.509,72.802;100.541,72.281;100.572,71.760;100.603,71.238;100.635,70.717;100.666,70.196;100.698,69.675;100.729,69.153;100.760,68.632;100.792,68.111;100.823,67.589;100.854,67.068;100.860,66.978;67.442,64.959;67.436,65.055;67.403,65.578;67.369,66.100;67.336,66.623;67.303,67.146;67.269,67.668;67.236,68.191;67.202,68.714;67.169,69.237;67.135,69.759;67.102,70.282;67.069,70.805;67.035,71.327;67.002,71.850;66.968,72.373;66.935,72.896;66.901,73.418;66.868,73.941;66.868,73.941;66.868,73.941;67.379,73.971;67.889,74.002;68.400,74.032;69.422,74.092;69.932,74.123;70.443,74.153;70.443,74.153;70.443,74.153;70.461,73.849;70.492,73.326;70.523,72.803;70.554,72.279;70.554,72.279;70.586,71.756;70.617,71.233
B P116-YAPI6 0.670 1.170 104.179,76.133;130.207,77.706;130.686,69.780;125.658,69.476;125.481,72.411;109.510,71.446;109.687,68.511;104.658,68.207
L P116-YAPI6 0.670 104.193,75.886;104.193,75.905;104.179,76.133;104.179,76.133;104.179,76.133;109.208,76.437;109.208,76.437;117.193,76.919;125.179,77.402;125.179,77.402;130.207,77.706;130.207,77.706;130.207,77.706;130.217,77.702;130.226,77.708;130.226,77.708;130.227,77.708;130.794,77.742;131.362,77.776;131.930,77.810;132.499,77.843;133.067,77.877;133.635,77.911;134.203,77.945;134.203,77.945;134.203,77.945;134.219,77.670;134.250,77.163;134.280,76.657;134.311,76.150;134.341,75.644;134.372,75.137;134.403,74.630;134.433,74.124;134.464,73.617;134.495,73.110;134.525,72.604;134.556,72.097;134.586,71.591;134.617,71.084;134.648,70.577;134.678,70.071;134.709,69.564;134.740,69.057;134.770,68.551;134.801,68.044;134.831,67.538;134.862,67.031;134.862,67.031;134.862,67.031;133.840,66.969;133.418,66.943;133.297,68.938;100.860,66.978;100.854,67.068;100.823,67.587;100.823,67.589;100.792,68.111;100.760,68.632;100.729,69.151;100.729,69.153;100.698,69.675;100.667,70.180;100.666,70.196;100.635,70.717;100.634,70.733;100.603,71.238;100.572,71.760;100.572,71.762;100.541,72.281;100.509,72.802;100.478,73.324;100.478,73.326;100.447,73.845;100.415,74.358;100.415,74.366;100.384,74.887;100.352,75.409;100.321,75.930;100.321,75.930;100.321,75.930;100.826,75.960;101.330,75.990;101.835,76.020;102.339,76.050;102.844,76.080;103.348,76.110;103.853,76.140;103.853,76.140;103.853,76.140;103.868,75.885;103.870,75.866;103.889,75.866;104.174,75.884
B P117-YAPI7 3.047 3.547 54.358,54.144;46.373,53.656;46.069,58.647;72.020,60.231;72.325,55.240;64.340,54.753;64.523,51.759;54.541,51.149
L P117-YAPI7 3.047 53.910,42.943;53.406,42.912;52.902,42.880;52.398,42.849;51.894,42.818;51.391,42.787;51.390,42.787;51.390,42.787;51.090,43.203;50.790,43.619;50.489,44.036;50.189,44.452;49.889,44.868;49.589,45.284;49.288,45.700;48.988,46.117;48.688,46.533;48.388,46.949;48.087,47.365;47.787,47.781;47.487,48.197;47.187,48.614;46.886,49.030;46.586,49.446;46.286,49.862;45.986,50.278;45.685,50.695;45.385,51.111;45.085,51.527;45.085,51.527;45.085,51.527;45.053,52.064;45.020,52.602;44.987,53.139;44.955,53.676;44.922,54.214;44.890,54.751;44.858,55.288;44.825,55.826;44.793,56.363;44.760,56.900;44.727,57.438;44.695,57.975;44.695,57.975;44.695,57.975;45.400,58.017;46.085,58.058;46.104,58.060;46.104,58.079;46.069,58.647;46.069,58.647;46.069,58.647;54.054,59.134;59.045,59.439;64.035,59.744;64.035,59.744;72.020,60.231;72.020,60.231;72.020,60.231;72.057,59.623;72.059,59.604;72.078,59.604;72.268,59.615;72.828,59.651;73.388,59.688;73.948,59.724;74.509,59.760;75.069,59.797;75.629,59.833;75.629,59.833;75.629,59.833;75.662,59.330;75.694,58.826;75.793,57.317;75.825,56.813;75.924,55.304;75.956,54.800;75.989,54.297;75.989,54.297;75.989,54.297;75.544,53.945;75.099,53.593;74.654,53.241;74.209,52.889;73.764,52.537;73.358,52.216;72.951,51.894;72.545,51.573;72.138,51.252;71.732,50.930;71.325,50.609;70.919,50.287;70.512,49.966;70.106,49.645;69.699,49.323;69.294,49.003;69.292,49.001;68.913,48.617;68.534,48.232;68.154,47.847;67.775,47.462;67.395,47.077;67.016,46.692;66.636,46.307;66.256,45.922;65.877,45.537;65.497,45.152;65.118,44.767;64.738,44.382;64.358,43.997;63.979,43.612;63.599,43.227;63.220,42.842;62.840,42.457;62.460,42.072;62.081,41.687;61.701,41.302;61.322,40.917;60.942,40.532;60.563,40.147;60.183,39.762;60.183,39.762;59.849,39.379;59.849,39.379;59.849,39.379;59.849,43.312;59.305,43.278;58.762,43.244;58.218,43.211;57.675,43.177;57.132,43.143;56.588,43.109;56.044,43.075;55.501,43.042;54.958,43.008;54.414,42.974
B P117-YAPI8 -1.307 -0.807 88.108,61.203;114.060,62.787;114.365,57.797;106.379,57.309;106.562,54.315;96.581,53.705;96.398,56.700;88.413,56.212
L P117-YAPI8 -1.307 95.201,45.332;94.784,45.614;94.368,45.897;93.951,46.179;93.535,46.462;93.118,46.744;92.702,47.027;92.285,47.309;91.869,47.592;91.452,47.874;91.036,48.157;90.619,48.439;90.204,48.721;90.202,48.722;89.746,48.975;89.290,49.228;88.833,49.481;88.377,49.734;87.920,49.987;87.464,50.240;87.007,50.494;86.550,50.747;86.094,51.000;85.637,51.253;85.181,51.506;84.724,51.759;84.724,51.759;84.724,51.760;84.693,52.278;84.661,52.798;84.630,53.317;84.599,53.836;84.567,54.355;84.536,54.875;84.505,55.394;84.473,55.913;84.442,56.433;84.410,56.952;84.379,57.471;84.348,57.991;84.316,58.510;84.285,59.029;84.254,59.548;84.222,60.068;84.191,60.587;84.191,60.587;84.191,60.587;84.690,60.617;85.189,60.646;85.689,60.676;86.188,60.705;86.687,60.735;86.687,60.735;86.687,60.735;86.717,60.222;86.748,59.710;86.778,59.197;86.809,58.684;86.839,58.172;86.870,57.659;86.900,57.146;86.931,56.634;86.960,56.141;86.962,56.122;86.981,56.122;87.959,56.181;88.393,56.207;88.412,56.209;88.412,56.228;88.108,61.203;88.108,61.203;88.108,61.203;96.093,61.691;96.093,61.691;96.093,61.691;101.084,61.995;106.075,62.300;106.075,62.300;114.060,62.787;114.060,62.787;114.060,62.787;114.067,62.675;114.069,62.657;114.087,62.656;115.118,62.656;115.118,62.656;115.118,62.656;115.118,53.010;115.118,53.010;115.118,53.010;114.712,52.718;114.305,52.426;113.493,51.842;113.087,51.550;112.680,51.259;111.868,50.675;111.462,50.383;111.055,50.091;110.243,49.507;109.837,49.215;109.430,48.923;109.024,48.631;108.618,48.340;108.212,48.048;107.805,47.756;106.993,47.172;106.993,47.172;106.580,46.855;106.167,46.539;105.754,46.222;105.341,45.906;104.928,45.589;104.515,45.273;104.102,44.956;103.690,44.640;103.277,44.323;102.864,44.007;102.451,43.690;102.038,43.374;101.625,43.057;101.212,42.741;100.799,42.424;100.183,41.952;100.183,41.952;100.183,41.952;99.768,42.234;99.353,42.515;98.938,42.797;98.523,43.078;98.108,43.360;97.692,43.641;97.277,43.923;96.862,44.204;96.447,44.486;96.032,44.767;95.617,45.049
