B P115-YAPI1 6.037 6.537 24.468,85.132;50.825,86.699;51.281,79.023;46.089,78.714;45.929,81.399;29.957,80.449;30.117,77.764;24.925,77.455
L P115-YAPI1 6.037 18.985,85.271;29.644,85.929;29.673,85.441;45.645,86.391;45.615,86.900;54.768,87.454;55.455,76.267;24.618,74.433
B P115-YAPI2 3.098 3.598 69.971,87.834;96.327,89.402;96.784,81.725;91.591,81.416;91.431,84.102;75.460,83.138;75.619,80.466;70.427,80.158
L P115-YAPI2 3.098 69.974,87.836;96.329,89.403;100.483,88.366;100.780,81.968;100.958,78.973;66.615,76.931;65.970,87.836
B P115-YAPI3 -1.150 -0.650 127.037,91.231;153.394,92.799;153.850,85.122;148.658,84.814;148.498,87.499;132.526,86.549;132.686,83.864;127.494,83.555
L P115-YAPI3 -1.150 127.317,91.323;127.341,91.249;153.394,92.799;153.844,85.218;153.931,85.202;154.129,85.234;153.673,92.891;156.748,93.073;158.033,88.732;162.983,82.662;123.963,80.341;123.785,83.336;123.208,90.260
B P116-YAPI4 3.295 3.795 37.128,72.083;63.156,73.656;63.635,65.730;58.607,65.427;58.430,68.361;50.444,67.879;42.459,67.396;42.636,64.461;37.607,64.158
L P116-YAPI4 3.295 30.538,71.780;42.131,72.469;42.157,72.387;58.107,73.351;58.103,73.419;66.868,73.941;67.570,62.964;37.035,61.119
B P116-YAPI5 0.529 1.029 70.560,74.133;96.588,75.706;97.067,67.780;92.039,67.476;91.862,70.411;75.891,69.446;76.068,66.511;71.039,66.207
L P116-YAPI5 0.529 70.443,74.153;70.916,66.192;71.022,66.178;71.049,66.181;70.560,74.133;100.321,75.930;100.980,64.983;67.570,62.964;66.868,73.941
B P116-YAPI6 0.670 1.170 104.179,76.133;130.207,77.706;130.686,69.780;125.658,69.476;125.481,72.411;109.510,71.446;109.687,68.511;104.658,68.207
L P116-YAPI6 0.670 104.174,75.884;104.179,76.133;134.203,77.945;134.862,67.031;100.980,64.983;100.321,75.930;103.853,76.140;103.870,75.866
B P117-YAPI7 3.047 3.547 54.358,54.144;46.373,53.656;46.069,58.647;72.020,60.231;72.325,55.240;64.340,54.753;64.523,51.759;54.541,51.149
L P117-YAPI7 3.047 59.849,43.312;51.390,42.787;45.085,51.527;44.695,57.975;46.104,58.060;46.069,58.647;72.020,60.231;72.059,59.604;75.629,59.833;75.989,54.297;69.294,49.003;60.183,39.762;59.849,39.379
B P117-YAPI8 -1.307 -0.807 88.108,61.203;114.060,62.787;114.365,57.797;106.379,57.309;106.562,54.315;96.581,53.705;96.398,56.700;88.413,56.212
L P117-YAPI8 -1.307 100.183,41.952;90.204,48.721;84.724,51.759;84.191,60.587;86.687,60.735;86.962,56.122;88.393,56.207;88.412,56.228;88.108,61.203;114.060,62.787;114.069,62.657;115.118,62.656;115.118,53.010;106.993,47.172
