18.990 85.255 9.82 9.800 7.0995
19.150 84.950 9.82 9.800 7.0995
19.385 84.505 9.82 9.800 7.0995
19.565 84.160 9.82 9.800 7.0995
19.745 83.815 9.82 9.800 7.0995
19.925 83.470 9.82 9.800 7.0995
20.105 83.125 9.82 9.800 7.0995
20.285 82.775 9.82 9.800 7.0995
20.460 82.430 9.82 9.800 7.0995
20.640 82.085 9.82 9.800 7.0995
20.820 81.740 9.82 9.800 7.0995
21.000 81.395 9.82 9.800 7.0995
21.180 81.045 9.82 9.800 7.0995
21.385 80.660 9.82 9.800 7.0995
21.585 80.270 9.82 9.800 7.0995
21.785 79.880 9.82 9.800 7.0995
21.990 79.495 9.82 9.800 7.0995
22.195 79.105 9.82 9.800 7.0995
22.395 78.715 9.82 9.800 7.0995
22.595 78.325 9.82 9.800 7.0995
22.795 77.935 9.82 9.800 7.0995
23.000 77.545 9.82 9.800 7.0995
23.205 77.155 9.82 9.800 7.0995
23.395 76.790 9.82 9.800 7.0995
23.585 76.425 9.82 9.800 7.0995
23.775 76.055 9.82 9.800 7.0995
23.965 75.690 9.82 9.800 7.0995
24.155 75.325 9.82 9.800 7.0995
24.345 74.955 9.82 9.800 7.0995
24.535 74.590 9.82 9.800 7.0995
30.155 77.275 9.82 9.800 7.0995
30.185 76.805 9.82 9.800 7.0995
30.220 76.325 9.82 9.800 7.0995
30.255 75.855 9.82 9.800 7.0995
30.285 75.380 9.82 9.800 7.0995
30.320 74.905 9.82 9.800 7.0995
38.025 80.170 9.82 9.820 6.3519
38.055 79.670 9.82 9.820 6.3519
38.085 79.170 9.82 9.820 6.3519
38.115 78.670 9.82 9.820 6.3519
38.145 78.175 9.82 9.820 6.3519
38.175 77.675 9.82 9.820 6.3519
38.200 77.175 9.82 9.820 6.3519
38.230 76.675 9.82 9.820 6.3519
38.260 76.175 9.82 9.820 7.1195
38.290 75.675 9.82 9.820 7.1195
46.155 78.005 9.82 9.800 5.6541
46.180 77.505 9.82 9.780 5.6341
46.205 77.005 9.82 9.760 5.6141
46.225 76.505 9.82 9.740 5.5941
46.255 76.005 9.82 9.720 5.5741
51.520 87.245 9.82 9.800 5.6541
51.955 87.275 9.82 9.800 5.6541
52.395 87.300 9.82 9.800 5.6541
52.835 87.325 9.82 9.800 5.6541
53.270 87.355 9.82 9.800 5.6541
53.705 87.385 9.82 9.800 5.6541
54.145 87.410 9.82 9.800 5.6541
54.740 87.445 9.82 9.800 5.6541
54.835 86.855 9.82 9.820 5.6741
54.885 86.345 9.82 9.830 5.6841
54.855 85.925 9.82 9.780 5.6341
54.885 85.430 9.82 9.780 5.6341
54.915 84.930 9.82 9.780 5.6341
54.950 84.430 9.82 9.780 5.6341
54.980 83.935 9.82 9.780 5.6341
55.010 83.435 9.82 9.780 5.6341
55.045 82.935 9.82 9.780 5.6341
55.075 82.435 9.82 9.780 5.6341
55.105 81.935 9.82 9.780 5.6341
55.135 81.435 9.82 9.780 5.6341
55.165 80.935 9.82 9.780 5.6341
55.195 80.515 9.82 9.780 5.6341
55.215 80.095 9.82 9.780 5.6341
55.245 79.675 9.82 9.780 5.6341
55.270 79.255 9.82 9.780 5.6341
55.295 78.830 9.82 9.780 5.6341
55.325 78.410 9.82 9.780 5.6341
55.350 77.990 9.82 9.780 5.6341
55.375 77.565 9.82 9.780 5.6341
55.400 77.145 9.82 9.780 5.6341
55.425 76.725 9.82 9.780 5.6341
65.955 87.845 9.82 9.800 5.6541
66.420 87.845 9.82 9.800 2.6684
66.885 87.845 9.82 9.800 2.6684
67.355 87.845 9.82 9.800 2.6684
67.825 87.845 9.82 9.800 2.6684
68.290 87.845 9.82 9.800 2.6684
68.760 87.845 9.82 9.800 2.6684
69.225 87.845 9.82 9.800 2.6684
66.010 87.385 9.82 9.800 2.6684
66.035 86.885 9.82 9.800 5.6541
66.065 86.385 9.82 9.800 5.6541
66.095 85.885 9.82 9.800 5.6541
66.125 85.385 9.82 9.800 5.6541
66.155 84.890 9.82 9.800 5.6541
66.185 84.390 9.82 9.800 5.6541
66.215 83.890 9.82 9.800 5.6541
66.245 83.390 9.82 9.800 5.6541
66.275 82.895 9.82 9.800 5.6541
66.305 82.395 9.82 9.800 5.6541
66.335 81.895 9.82 9.800 5.6541
66.365 81.395 9.82 9.800 5.6541
66.390 80.895 9.82 9.800 5.6541
66.420 80.395 9.82 9.800 5.6541
66.450 79.895 9.82 9.800 5.6541
66.480 79.395 9.82 9.800 5.6541
66.510 78.900 9.82 9.800 5.6541
66.535 78.400 9.82 9.800 5.6541
66.565 77.900 9.82 9.800 5.6541
66.595 77.405 9.82 9.800 5.6541
66.625 76.905 9.82 9.800 5.6541
96.590 89.335 9.82 9.800 2.6684
97.040 89.225 9.82 9.800 2.6684
97.495 89.110 9.82 9.800 2.6684
97.945 88.995 9.82 9.800 2.6684
98.395 88.885 9.82 9.800 2.6684
98.845 88.775 9.82 9.800 2.6684
99.295 88.660 9.82 9.800 2.6684
99.750 88.545 9.82 9.800 2.6684
100.200 88.435 9.82 9.800 2.6684
100.465 88.375 9.82 9.800 2.6684
100.495 87.975 9.82 9.780 2.6484
100.530 87.565 9.82 9.780 2.6484
100.550 87.095 9.82 9.780 2.6484
100.575 86.625 9.82 9.780 2.6484
100.595 86.155 9.82 9.780 2.6484
100.615 85.685 9.82 9.780 2.6484
100.640 85.215 9.82 9.780 2.6484
100.660 84.740 9.82 9.780 2.6484
100.685 84.270 9.82 9.780 2.6484
100.705 83.795 9.82 9.780 2.6484
100.725 83.325 9.82 9.780 2.6484
100.745 82.855 9.82 9.780 2.6484
100.770 82.385 9.82 9.780 2.6484
100.795 81.915 9.82 9.780 2.6484
100.815 81.445 9.82 9.780 2.6484
100.835 80.970 9.82 9.780 2.6484
100.855 80.500 9.82 9.780 2.6484
100.880 80.030 9.82 9.780 2.6484
100.900 79.555 9.82 9.780 2.6484
100.925 79.085 9.82 9.780 2.6484
126.930 91.225 9.82 9.760 -2.2959
126.445 91.095 9.82 9.760 -2.2959
125.965 90.975 9.82 9.760 -2.2959
125.480 90.845 9.82 9.760 -2.2959
124.995 90.725 9.82 9.760 -2.2959
124.510 90.595 9.82 9.760 -2.2959
124.025 90.475 9.82 9.760 -2.2959
123.545 90.345 9.82 9.760 -2.2959
123.060 90.220 9.82 9.760 -2.2959
123.195 89.920 9.82 9.760 -2.2959
123.275 89.475 9.82 9.760 -2.2959
123.325 88.895 9.82 9.760 -2.2959
123.375 88.310 9.82 9.760 -2.2959
123.425 87.725 9.82 9.760 -2.2959
123.470 87.145 9.82 9.760 -2.2959
123.520 86.560 9.82 9.760 -2.2959
123.565 85.975 9.82 9.760 -2.2959
123.615 85.395 9.82 9.760 -2.2959
123.665 84.810 9.82 9.760 -2.2959
123.715 84.225 9.82 9.760 -2.2959
123.765 83.645 9.82 9.760 -2.2959
123.850 82.545 9.82 9.760 -2.2959
123.800 83.125 9.82 9.760 -2.2959
123.995 80.795 9.82 9.760 -2.2959
123.945 81.375 9.82 9.760 -2.2959
123.900 81.960 9.82 9.760 -2.2959
154.365 92.925 9.82 9.760 -2.2959
154.875 92.955 9.82 9.760 -2.2959
155.385 92.985 9.82 9.760 -2.2959
155.895 93.015 9.82 9.760 -2.2959
156.405 93.045 9.82 9.760 -2.2959
134.200 78.005 5.82 5.760 -1.8714
134.255 77.505 5.82 5.820 -1.8114
134.280 77.120 5.82 5.820 -1.8114
134.305 76.735 5.82 5.820 -1.8114
134.325 76.345 5.82 5.820 -1.8114
134.350 75.960 5.82 5.820 -1.8114
134.375 75.575 5.82 5.820 -1.8114
134.395 75.185 5.82 5.820 -1.8114
134.420 74.795 5.82 5.820 -1.8114
134.445 74.410 5.82 5.820 -1.8114
134.465 74.025 5.82 5.820 -1.8114
134.490 73.635 5.82 5.820 -1.8114
134.515 73.250 5.82 5.820 -1.8114
134.535 72.865 5.82 5.820 -1.8114
134.560 72.475 5.82 5.820 -1.8114
134.585 72.090 5.82 5.820 -1.8114
134.605 71.705 5.82 5.820 -1.8114
134.630 71.315 5.82 5.820 -1.8114
134.655 70.930 5.82 5.820 -1.8114
134.675 70.545 5.82 5.820 -1.8114
134.700 70.155 5.82 5.820 -1.8114
134.725 69.770 5.82 5.820 -1.8114
134.745 69.385 5.82 5.820 -1.8114
134.770 68.995 5.82 5.820 -1.8114
134.795 68.610 5.82 5.820 -1.8114
134.815 68.225 5.82 5.820 -1.8114
134.840 67.835 5.82 5.820 -1.8114
134.860 67.435 5.82 5.790 -1.8414
134.885 67.015 5.82 5.790 -1.8414
125.535 68.945 5.82 5.770 -1.8614
125.565 68.445 5.82 5.770 -1.8614
125.595 67.950 5.82 5.770 -1.8614
125.625 67.450 5.82 5.770 -1.8614
125.655 66.950 5.82 5.770 -1.8614
125.685 66.455 5.82 5.770 -1.8614
117.450 70.900 5.82 5.770 -1.8614
117.480 70.405 5.82 5.770 -1.8614
117.510 69.905 5.82 5.770 -1.8614
117.540 69.405 5.82 5.770 -1.8614
117.570 68.905 5.82 5.770 -1.8614
117.600 68.405 5.82 5.770 -1.8614
117.630 67.905 5.82 5.770 -1.8614
117.660 67.405 5.82 5.770 -1.8614
117.685 66.905 5.82 5.770 -1.8614
117.715 66.410 5.82 5.770 -1.8614
109.570 67.685 5.82 5.810 -1.8214
109.600 67.145 5.82 5.810 -1.8214
109.635 66.605 5.82 5.810 -1.8214
109.665 66.070 5.82 5.810 -1.8214
109.695 65.530 5.82 5.810 -1.8214
100.325 75.900 5.82 5.810 0.9190
100.355 75.400 5.82 5.810 0.9190
100.385 74.905 5.82 5.810 0.9190
100.415 74.405 5.82 5.810 0.9190
100.445 73.905 5.82 5.810 0.9190
100.475 73.405 5.82 5.810 0.9190
100.505 72.905 5.82 5.810 0.9190
100.535 72.405 5.82 5.810 0.9190
100.565 71.905 5.82 5.810 0.9190
100.595 71.405 5.82 5.810 0.9190
100.625 70.910 5.82 5.810 0.9190
100.655 70.410 5.82 5.810 0.9190
100.685 69.910 5.82 5.810 0.9190
100.715 69.415 5.82 5.810 0.9190
100.745 68.915 5.82 5.810 0.9190
100.775 68.415 5.82 5.810 0.9190
100.805 67.915 5.82 5.810 0.9190
100.835 67.415 5.82 5.810 0.9190
100.865 66.915 5.82 5.810 0.9190
100.895 66.415 5.82 5.810 0.9190
100.925 65.915 5.82 5.810 0.9190
100.955 65.420 5.82 5.810 0.9190
100.985 64.920 5.82 5.810 0.9190
100.745 75.960 5.82 5.790 -1.8414
101.160 75.985 5.82 5.790 -1.8414
101.570 76.010 5.82 5.790 -1.8414
101.985 76.035 5.82 5.790 -1.8414
102.395 76.055 5.82 5.790 -1.8414
102.805 76.085 5.82 5.790 -1.8414
103.215 76.105 5.82 5.790 -1.8414
99.925 75.900 5.82 5.810 0.9190
99.500 75.875 5.82 5.810 0.9190
99.070 75.850 5.82 5.810 0.9190
98.645 75.825 5.82 5.810 0.9190
98.215 75.800 5.82 5.810 0.9190
97.785 75.775 5.82 5.810 0.9190
97.360 75.745 5.82 5.810 0.9190
133.805 77.925 5.82 5.820 -1.8114
133.305 77.895 5.82 5.820 -1.8114
132.805 77.865 5.82 5.820 -1.8114
132.305 77.835 5.82 5.820 -1.8114
131.805 77.805 5.82 5.820 -1.8114
131.305 77.775 5.82 5.820 -1.8114
130.805 77.745 5.82 5.820 -1.8114
130.310 77.715 5.82 5.820 -1.8114
92.205 65.435 5.82 5.810 0.9190
92.115 66.930 5.82 5.810 0.9190
92.175 65.930 5.82 5.810 0.9190
92.235 64.935 5.82 5.810 0.9190
92.145 66.430 5.82 5.810 0.9190
92.265 64.435 5.82 5.810 0.9190
84.060 67.665 5.82 5.810 0.9190
84.150 66.165 5.82 5.810 0.9190
83.970 69.160 5.82 5.810 0.9190
84.090 67.165 5.82 5.810 0.9190
84.030 68.165 5.82 5.810 0.9190
84.000 68.665 5.82 5.810 0.9190
84.120 66.665 5.82 5.810 0.9190
84.195 65.665 5.82 5.800 0.9090
84.225 65.165 5.82 5.800 0.9090
84.225 64.665 5.82 5.800 0.9090
84.255 64.225 5.82 5.800 0.9090
76.205 65.060 5.82 5.800 0.9090
76.295 63.565 5.82 5.800 0.9090
76.235 64.565 5.82 5.800 0.9090
76.175 65.560 5.82 5.800 0.9090
76.145 66.060 5.82 5.800 0.9090
76.265 64.065 5.82 5.800 0.9090
66.880 73.915 5.82 5.800 3.6460
66.905 73.465 5.82 5.800 3.6460
66.935 73.020 5.82 5.800 3.6460
66.960 72.575 5.82 5.800 3.6460
66.985 72.125 5.82 5.800 3.6460
67.015 71.675 5.82 5.800 3.6460
67.040 71.230 5.82 5.800 3.6460
67.065 70.785 5.82 5.800 3.6460
67.095 70.335 5.82 5.800 3.6460
67.125 69.890 5.82 5.800 3.6460
67.150 69.445 5.82 5.800 3.6460
67.175 68.995 5.82 5.800 3.6460
67.205 68.550 5.82 5.800 3.6460
67.230 68.105 5.82 5.800 3.6460
67.255 67.655 5.82 5.800 3.6460
67.285 67.205 5.82 5.800 3.6460
67.305 66.795 5.82 5.800 3.6460
67.335 66.385 5.82 5.800 3.6460
67.355 65.975 5.82 5.800 3.6460
67.385 65.560 5.82 5.800 3.6460
67.405 65.145 5.82 5.800 3.6460
67.430 64.735 5.82 5.800 3.6460
67.455 64.325 5.82 5.800 3.6460
67.480 63.910 5.82 5.800 3.6460
67.505 63.500 5.82 5.800 3.6460
67.530 63.085 5.82 5.800 3.6460
58.685 63.665 5.82 5.790 3.6360
58.610 64.900 5.82 5.790 3.6360
58.735 62.840 5.82 5.790 3.6360
58.660 64.075 5.82 5.790 3.6360
58.710 63.250 5.82 5.790 3.6360
58.635 64.485 5.82 5.790 3.6360
42.640 63.910 5.82 5.780 3.6260
42.690 63.085 5.82 5.780 3.6260
42.740 62.260 5.82 5.780 3.6260
42.665 63.495 5.82 5.780 3.6260
42.715 62.675 5.82 5.780 3.6260
42.765 61.850 5.82 5.780 3.6260
50.460 67.185 5.82 5.770 3.6160
50.490 66.685 5.82 5.770 3.6160
50.520 66.185 5.82 5.770 3.6160
50.550 65.685 5.82 5.770 3.6160
50.580 65.185 5.82 5.770 3.6160
50.610 64.685 5.82 5.770 3.6160
50.640 64.185 5.82 5.770 3.6160
50.675 63.690 5.82 5.770 3.6160
50.705 63.190 5.82 5.770 3.6160
50.735 62.690 5.82 5.770 3.6160
50.765 62.195 5.82 5.770 3.6160
30.565 71.720 5.82 5.770 3.6160
30.905 71.160 5.82 5.770 3.6160
31.245 70.600 5.82 5.770 3.6160
31.590 70.040 5.82 5.770 3.6160
31.930 69.480 5.82 5.770 3.6160
32.270 68.920 5.82 5.770 3.6160
32.615 68.360 5.82 5.770 3.6160
32.955 67.805 5.82 5.770 3.6160
33.295 67.245 5.82 5.770 3.6160
33.635 66.685 5.82 5.770 3.6160
33.975 66.125 5.82 5.770 3.6160
34.315 65.565 5.82 5.770 3.6160
34.655 65.005 5.82 5.770 3.6160
35.000 64.445 5.82 5.770 3.6160
35.340 63.885 5.82 5.770 3.6160
35.680 63.325 5.82 5.770 3.6160
36.025 62.765 5.82 5.770 3.6160
36.365 62.205 5.82 5.770 3.6160
36.705 61.645 5.82 5.770 3.6160
37.045 61.085 5.82 5.770 3.6160
37.385 60.525 5.82 5.770 3.6160
30.905 71.790 5.82 5.770 3.6160
31.225 71.805 5.82 5.770 3.6160
31.540 71.825 5.82 5.770 3.6160
31.860 71.845 5.82 5.770 3.6160
32.175 71.865 5.82 5.770 3.6160
32.495 71.885 5.82 5.770 3.6160
32.815 71.905 5.82 5.770 3.6160
33.130 71.920 5.82 5.770 3.6160
33.450 71.940 5.82 5.770 3.6160
33.765 71.960 5.82 5.770 3.6160
34.085 71.975 5.82 5.770 3.6160
34.550 72.025 5.82 5.720 3.5660
35.015 72.055 5.82 5.690 3.5360
35.465 72.080 5.82 5.690 3.5360
35.890 72.105 5.82 5.690 3.5360
66.585 73.915 5.82 5.800 3.6460
66.245 73.895 5.82 5.800 3.6460
65.905 73.875 5.82 5.800 3.6460
65.570 73.855 5.82 5.800 3.6460
65.235 73.835 5.82 5.800 3.6460
64.895 73.815 5.82 5.800 3.6460
64.555 73.795 5.82 5.800 3.6460
64.220 73.775 5.82 5.800 3.6460
67.425 73.945 5.82 5.800 0.9090
67.975 73.975 5.82 5.800 0.9090
68.525 74.010 5.82 5.800 0.9090
69.075 74.045 5.82 5.800 0.9090
69.625 74.075 5.82 5.800 0.9090
44.670 58.540 3.82 3.770 4.5966
44.700 58.045 3.82 3.770 4.5966
44.730 57.545 3.82 3.770 4.5966
44.760 57.045 3.82 3.770 4.5966
44.790 56.545 3.82 3.770 4.5966
44.820 56.045 3.82 3.770 4.5966
44.850 55.545 3.82 3.770 4.5966
44.880 55.045 3.82 3.770 4.5966
44.910 54.550 3.82 3.770 4.5966
44.940 54.050 3.82 3.770 4.5966
44.970 53.550 3.82 3.770 4.5966
45.000 53.050 3.82 3.770 4.5966
45.030 52.555 3.82 3.770 4.5966
45.060 52.055 3.82 3.770 4.5966
45.090 51.555 3.82 3.770 4.5966
51.835 42.775 3.82 3.830 4.3787
52.305 42.805 3.82 3.830 4.3787
52.775 42.835 3.82 3.830 4.3787
53.245 42.865 3.82 3.830 4.3787
53.715 42.895 3.82 3.830 4.3787
54.185 42.925 3.82 3.830 4.3787
54.655 42.955 3.82 3.830 4.3787
55.120 42.980 3.82 3.830 3.5085
55.590 43.010 3.82 3.830 3.5085
56.060 43.040 3.82 3.830 3.5085
56.530 43.070 3.82 3.830 3.5085
57.000 43.095 3.82 3.830 3.5085
57.470 43.125 3.82 3.830 3.5085
57.940 43.155 3.82 3.830 3.5085
58.410 43.185 3.82 3.830 3.5085
58.880 43.215 3.82 3.830 3.5085
59.350 43.245 3.82 3.830 3.5085
54.400 43.285 3.82 3.800 4.3487
54.395 43.700 3.82 3.800 4.3487
54.385 44.115 3.82 3.800 4.3487
54.375 44.525 3.82 3.800 4.3487
54.370 44.940 3.82 3.800 4.3487
54.365 45.355 3.82 3.810 4.3587
54.355 45.765 3.82 3.810 4.3587
54.350 46.180 3.82 3.810 4.3587
54.345 46.595 3.82 3.810 4.3587
54.335 47.005 3.82 3.810 4.3587
54.325 47.415 3.82 3.810 4.3587
54.320 47.830 3.82 3.810 4.3587
54.315 48.245 3.82 3.810 4.3587
54.305 48.655 3.82 3.810 4.3587
54.300 49.070 3.82 3.810 4.3587
54.295 49.485 3.82 3.820 4.3687
54.260 49.910 3.82 3.780 4.3287
59.830 43.625 3.82 3.780 3.4585
59.820 44.045 3.82 3.780 3.4585
59.815 44.470 3.82 3.780 3.4585
59.805 44.895 3.82 3.780 3.4585
59.795 45.320 3.82 3.780 3.4585
59.785 45.745 3.82 3.780 3.4585
59.775 46.165 3.82 3.780 3.4585
59.765 46.595 3.82 3.780 3.4585
59.755 47.015 3.82 3.780 3.4585
59.750 47.440 3.82 3.780 3.4585
59.740 47.865 3.82 3.780 3.4585
59.730 48.285 3.82 3.780 3.4585
59.725 48.715 3.82 3.780 3.4360
59.715 49.135 3.82 3.780 3.4360
59.705 49.560 3.82 3.780 3.4360
59.695 49.985 3.82 3.780 3.4360
64.740 45.055 3.82 3.780 3.4585
64.740 45.470 3.82 3.780 3.4585
64.740 45.885 3.82 3.780 3.4585
64.740 46.300 3.82 3.780 3.4585
64.740 46.715 3.82 3.780 3.4585
64.740 47.130 3.82 3.780 3.4585
64.740 47.545 3.82 3.780 3.4585
64.740 47.960 3.82 3.780 3.4585
64.740 48.375 3.82 3.780 3.4585
64.740 48.790 3.82 3.780 3.4360
64.740 49.205 3.82 3.780 3.4360
64.740 49.680 3.82 3.780 3.4360
64.740 50.095 3.82 3.780 3.4360
72.250 59.635 3.82 3.780 3.4360
72.745 59.665 3.82 3.780 1.1546
73.245 59.700 3.82 3.780 1.1546
73.745 59.735 3.82 3.780 1.1546
74.245 59.765 3.82 3.780 1.1546
74.745 59.795 3.82 3.780 1.1546
75.245 59.830 3.82 3.780 1.1546
75.645 59.830 3.82 3.780 1.1546
75.675 59.380 3.82 3.780 1.1546
75.705 58.935 3.82 3.780 1.1546
75.735 58.485 3.82 3.780 1.1546
75.765 58.035 3.82 3.780 1.1546
75.795 57.585 3.82 3.780 1.1546
75.825 57.135 3.82 3.780 1.1546
75.855 56.690 3.82 3.780 1.1546
75.880 56.240 3.82 3.780 1.1546
75.910 55.790 3.82 3.780 1.1546
75.940 55.345 3.82 3.780 1.1546
75.970 54.895 3.82 3.780 1.1546
86.605 60.730 3.82 3.780 1.1546
86.170 60.705 3.82 3.780 1.1546
85.740 60.680 3.82 3.780 1.1546
85.310 60.655 3.82 3.780 1.1546
84.875 60.625 3.82 3.780 1.1546
84.445 60.605 3.82 3.780 1.1546
84.195 60.585 3.82 3.780 1.1546
84.215 60.165 3.82 3.780 1.1546
84.245 59.750 3.82 3.780 1.1546
84.265 59.335 3.82 3.780 1.1546
84.295 58.925 3.82 3.780 1.1546
84.315 58.510 3.82 3.780 1.1546
84.345 58.095 3.82 3.780 1.1546
84.365 57.685 3.82 3.780 1.1546
84.395 57.270 3.82 3.780 1.1546
84.415 56.855 3.82 3.780 1.1546
84.445 56.445 3.82 3.780 1.1546
84.465 56.030 3.82 3.780 1.1546
84.495 55.615 3.82 3.780 1.1546
112.615 62.615 3.82 3.790 -1.6418
113.115 62.615 3.82 3.790 -1.6418
113.615 62.615 3.82 3.790 -1.6418
114.115 62.615 3.82 3.790 -1.6418
114.615 62.615 3.82 3.790 -1.6418
115.115 62.615 3.82 3.790 -1.6418
