107.685 92.505 4.0856
60.740 40.710 3.4985
47.030 40.525 4.3687
59.675 92.100 5.6741
64.525 92.510 5.6741
122.095 93.705 1.7266
141.300 95.420 -0.4439
98.135 92.125 4.3143
69.275 92.930 2.8985
26.140 88.925 7.3625
40.500 90.680 6.3519
150.765 95.825 -2.0094
155.500 96.025 -2.2682
50.025 91.940 5.6741
32.300 62.905 4.5106
54.325 33.460 3.4485
64.130 44.150 3.4985
131.705 94.505 1.3231
74.935 53.810 1.1946
35.720 89.990 6.3519
112.485 92.905 3.6701
29.105 66.435 4.9454
45.285 45.250 4.6466
50.490 32.625 4.3687
126.895 94.105 0.8741
79.235 93.225 3.5994
78.855 54.570 1.1946
136.500 94.965 1.6832
106.985 56.650 -0.7083
87.610 50.470 1.1946
42.775 49.615 4.6466
92.400 47.545 0.2297
97.580 43.985 -0.2306
132.555 65.205 -1.6118
67.560 47.580 3.4985
93.390 91.990 4.5281
21.400 88.405 7.7492
54.845 92.090 5.6741
117.300 93.375 2.9418
19.585 76.090 7.1195
146.035 95.620 0.3941
101.630 54.265 -0.2209
16.560 87.860 8.9654
30.930 89.460 7.1195
83.385 52.810 1.1946
127.980 61.995 -1.6118
12.660 86.700 9.2680
123.765 59.145 -1.5985
102.870 92.340 4.1432
118.935 55.660 -1.5853
57.505 37.100 3.4985
74.075 93.375 2.8305
45.255 91.465 6.3519
88.640 92.065 4.8320
12.620 86.630 9.2556
83.905 92.540 4.4185
39.840 53.700 4.6466
71.145 50.815 3.4760
47.995 35.790 4.4893
137.145 68.825 -1.8114
141.445 71.790 -1.8114
156.295 93.730 -2.2359
102.410 43.545 -0.2306
114.440 52.185 -1.5853
102.280 57.305 -0.2366
110.520 49.365 -0.7135
146.035 74.330 -1.8114
107.100 57.595 -0.7083
158.175 88.835 -2.2359
106.670 46.605 -0.7135
160.040 81.175 -1.8114
161.100 84.485 -2.2359
155.495 78.720 -1.8114
150.765 76.530 -1.8114
