107.685 92.505 9.82 1.300
60.740 40.710 3.82 1.300
47.030 40.525 3.82 1.300
59.675 92.100 9.82 1.300
64.525 92.510 9.82 1.300
122.095 93.705 9.82 1.300
141.300 95.420 9.82 1.300
98.135 92.125 9.82 1.300
69.275 92.930 9.82 1.300
26.140 88.925 9.82 1.300
40.500 90.680 9.82 1.300
150.765 95.825 9.82 1.300
155.500 96.025 9.82 1.300
50.025 91.940 9.82 1.300
32.300 62.905 5.82 1.300
54.325 33.460 3.82 1.300
64.130 44.150 3.82 1.300
131.705 94.505 9.82 1.300
74.935 53.810 3.82 1.300
35.720 89.990 9.82 1.300
112.485 92.905 9.82 1.300
29.105 66.435 5.82 1.300
45.285 45.250 3.82 1.300
50.490 32.625 3.82 1.300
126.895 94.105 9.82 1.300
79.235 93.225 9.82 1.300
78.855 54.570 3.82 1.300
136.500 94.965 9.82 1.300
106.985 56.650 3.82 0.980
87.610 50.470 3.82 1.300
42.775 49.615 3.82 1.300
92.400 47.545 3.82 1.300
97.580 43.985 3.82 1.300
132.555 65.205 3.82 1.300
67.560 47.580 3.82 1.300
93.390 91.990 9.82 1.300
21.400 88.405 9.82 1.300
54.845 92.090 9.82 1.300
117.300 93.375 9.82 1.300
19.585 76.090 9.82 1.300
146.035 95.620 9.82 1.300
101.630 54.265 3.82 1.300
16.560 87.860 9.82 1.300
30.930 89.460 9.82 1.300
83.385 52.810 3.82 1.300
127.980 61.995 3.82 1.300
12.660 86.700 9.82 1.300
123.765 59.145 3.82 1.430
102.870 92.340 9.82 1.300
118.935 55.660 3.82 1.300
57.505 37.100 3.82 1.300
74.075 93.375 9.82 1.300
45.255 91.465 9.82 1.300
88.640 92.065 9.82 1.300
12.620 86.630 9.82 1.300
83.905 92.540 9.82 1.300
39.840 53.700 3.82 1.300
71.145 50.815 3.82 1.300
47.995 35.790 3.82 1.300
137.145 68.825 5.82 1.430
141.445 71.790 5.82 1.430
156.295 93.730 9.82 1.430
102.410 43.545 3.82 1.300
114.440 52.185 3.82 1.300
102.280 57.305 3.82 1.300
110.520 49.365 3.82 1.300
146.035 74.330 5.82 1.430
107.100 57.595 3.82 1.300
158.175 88.835 9.82 1.430
106.670 46.605 3.82 1.300
160.040 81.175 5.82 1.430
161.100 84.485 9.82 1.430
155.495 78.720 5.82 1.430
150.765 76.530 5.82 1.430
