W 105.259 92.168 0.853 110.111 92.840 5.385
W 58.846 38.810 2.641 62.626 42.610 4.715
W 46.296 38.101 4.884 47.758 42.947 6.184
W 57.247 91.775 3.767 62.098 92.432 6.475
W 62.092 91.922 3.473 66.956 93.099 6.062
W 119.669 93.368 -0.375 124.521 94.040 3.026
W 138.872 95.056 -2.007 143.728 95.783 0.855
W 95.706 91.755 1.688 100.563 92.496 5.615
W 66.849 92.574 3.367 71.704 93.288 5.658
W 23.714 88.524 7.362 28.574 89.329 9.314
W 38.068 90.148 5.134 42.934 91.207 8.118
W 148.339 95.459 -2.833 153.195 96.186 1.295
W 153.073 95.661 -3.246 157.929 96.387 0.180
W 47.594 91.466 4.978 52.459 92.409 7.330
W 30.557 60.873 5.237 34.037 64.938 6.537
W 52.534 31.473 3.431 56.120 35.451 5.326
W 62.237 42.250 2.173 66.017 46.049 4.393
W 129.276 94.169 -1.194 134.128 94.841 2.672
W 72.870 52.112 0.816 76.999 55.508 3.373
W 33.294 89.589 5.442 38.155 90.394 8.511
W 110.062 92.568 0.443 114.914 93.240 4.969
W 27.221 64.532 5.336 30.995 68.338 6.636
W 43.913 42.829 4.752 46.660 47.670 6.052
W 48.122 31.569 3.976 52.855 33.680 5.678
W 124.472 93.769 -0.785 129.324 94.441 2.173
W 76.801 92.719 3.433 81.667 93.735 4.900
W 76.440 53.758 0.934 81.268 55.376 3.014
W 134.073 94.601 -1.600 138.929 95.328 2.981
W 104.522 55.803 -1.328 109.451 57.495 0.128
W 85.371 49.062 -1.999 89.848 51.880 2.234
W 41.174 47.309 4.963 44.384 51.920 6.263
W 89.618 45.471 -2.821 95.178 49.619 1.810
W 94.802 41.915 -3.547 100.362 46.063 1.352
W 129.894 62.958 -3.260 135.216 67.451 -1.960
W 65.658 45.692 1.694 69.463 49.467 4.068
W 90.968 91.698 2.105 95.812 92.278 5.827
W 18.968 87.755 8.165 23.826 89.064 9.713
W 52.416 91.773 4.391 57.265 92.409 6.907
W 114.866 92.969 0.037 119.726 93.777 4.241
W 17.695 74.186 6.684 21.469 77.992 9.259
W 143.605 95.258 -2.420 148.461 95.984 1.696
W 99.201 53.867 -1.182 104.060 54.655 0.944
W 14.133 87.458 8.768 18.993 88.263 10.265
W 28.504 89.056 6.431 33.364 89.861 8.913
W 81.147 51.404 -0.311 85.623 54.222 2.609
W 125.780 60.514 -2.832 130.180 63.480 -1.532
W 10.483 85.182 9.058 14.842 88.223 10.568
W 121.448 57.342 -2.863 126.078 60.953 -0.957
W 100.439 91.970 1.275 105.296 92.712 5.445
W 116.049 53.501 -2.463 121.818 57.820 -0.634
W 55.709 35.113 3.034 59.295 39.091 5.023
W 71.649 93.016 3.333 76.504 93.730 5.251
W 42.823 90.935 5.236 47.689 91.995 7.732
W 86.208 91.669 2.534 91.068 92.460 6.121
W 10.441 85.105 9.058 14.800 88.146 10.555
W 81.476 91.860 2.981 86.330 93.222 5.718
W 38.021 51.539 5.263 41.664 55.856 6.563
W 69.082 49.116 1.270 73.210 52.512 3.729
W 47.264 33.369 4.543 48.727 38.215 5.843
W 134.829 67.019 -3.528 139.459 70.630 -2.098
W 139.058 70.103 -5.747 143.834 73.482 -2.376
W 155.378 91.079 -3.432 157.213 96.383 -1.702
W 99.954 41.692 -4.035 104.867 45.401 0.915
W 112.318 50.571 -1.843 116.561 53.803 -0.212
W 99.851 56.911 -0.965 104.711 57.699 0.873
W 108.396 47.753 -2.374 112.639 50.985 0.155
W 143.503 72.952 -6.240 148.572 75.712 -2.709
W 104.673 57.198 -1.322 109.532 57.986 0.434
W 156.748 86.320 -4.347 159.603 91.352 -2.365
W 104.546 44.987 -3.878 108.789 48.219 0.516
W 157.628 79.526 -7.557 162.452 82.820 -3.741
W 159.209 82.233 -6.616 162.987 86.743 -2.843
W 152.958 77.338 -7.310 158.027 80.098 -3.410
W 148.230 75.145 -6.756 153.300 77.905 -3.059
R 37.03,61.12,4.63;33.62,60.91,4.91;134.86,67.03,-3.35;117.68,65.99,-1.95;42.79,61.47,4.16
R 135.21,67.05,-3.46;33.62,60.91,4.91;33.60,60.91,5.80;37.03,61.12,5.49;42.79,61.47,4.97;50.78,61.95,4.24;58.76,62.43,3.51;67.57,62.96,2.71;76.29,63.49,1.91;84.30,63.98,1.18;92.26,64.46,0.46;100.98,64.98,-0.34;109.70,65.51,-1.13;117.68,65.99,-1.86;125.67,66.47,-2.59;130.86,66.79,-3.06;134.86,67.03,-3.43
R 135.21,67.05,-3.46;135.21,67.05,-3.38;33.62,60.91,4.91
R 162.98,82.66,-5.39;158.03,88.73,-17.40;21.06,74.22,6.19;24.62,74.43,5.90;30.31,74.77,5.44;38.30,75.25,4.79;46.28,75.72,4.14;55.46,76.27,3.39;66.61,76.93,2.48;83.71,77.95,1.08;91.77,78.43,0.42;100.96,78.97,-0.33;123.96,80.34,-2.20;133.15,80.89,-2.95;141.13,81.36,-3.60;149.12,81.84,-4.26
R 21.06,74.22,7.73;21.06,74.22,6.19;158.03,88.73,-17.40
R 149.12,81.84,-3.34;21.06,74.22,7.73;158.03,88.73,-17.40
R 91.77,78.43,1.62;21.06,74.22,7.73;100.96,78.97,0.83
R 66.61,76.93,3.80;21.06,74.22,7.73;83.71,77.95,2.32
R 55.46,76.27,4.76;21.06,74.22,7.73;66.61,76.93,3.80
R 38.30,75.25,6.24;21.06,74.22,7.73;46.28,75.72,5.55
R 21.06,74.22,7.73;30.31,74.77,6.93;38.30,75.25,6.24
R 24.62,74.43,7.43;21.06,74.22,7.73;30.31,74.77,6.93
S 49.75,26.50,3.73;50.46,26.71,3.66;50.46,26.71,4.40;49.75,26.50,4.47
S 50.46,26.71,3.66;50.81,27.56,3.65;50.81,27.56,4.37;50.46,26.71,4.40
S 50.81,27.56,3.65;51.25,28.38,3.64;51.25,28.38,4.33;50.81,27.56,4.37
S 51.25,28.38,3.64;51.75,29.17,3.62;51.75,29.17,4.28;51.25,28.38,4.33
S 51.75,29.17,3.62;52.22,29.98,3.60;52.22,29.98,4.23;51.75,29.17,4.28
S 34.25,60.00,4.93;34.96,59.29,4.97;34.96,59.29,5.69;34.25,60.00,5.75
S 34.96,59.29,4.97;35.67,58.58,5.00;35.67,58.58,5.62;34.96,59.29,5.69
S 35.67,58.58,5.00;36.02,57.73,5.06;36.02,57.73,5.60;35.67,58.58,5.62
S 36.02,57.73,5.06;36.73,57.02,5.10;36.73,57.02,5.53;36.02,57.73,5.60
S 36.73,57.02,5.10;37.44,56.31,5.13;37.44,56.31,5.47;36.73,57.02,5.53
S 37.44,56.31,5.13;38.14,55.61,5.17;38.14,55.61,5.41;37.44,56.31,5.47
S 48.75,30.00,4.06;49.25,29.21,3.95;49.25,29.21,4.50;48.75,30.00,4.55
S 49.25,29.21,3.95;49.25,28.21,3.90;49.25,28.21,4.51;49.25,29.21,4.50
S 49.25,28.21,3.90;49.46,27.29,3.82;49.46,27.29,4.49;49.25,28.21,4.51
S 49.46,27.29,3.82;49.75,26.50,3.73;49.75,26.50,4.47;49.46,27.29,4.49
S 21.72,73.53,6.08;22.42,72.83,6.01;22.42,72.83,6.41;21.72,73.53,6.47
S 22.42,72.83,6.01;23.13,72.12,5.94;23.13,72.12,6.35;22.42,72.83,6.41
S 23.13,72.12,5.94;23.84,71.41,5.86;23.84,71.41,6.29;23.13,72.12,6.35
S 23.84,71.41,5.86;24.54,70.70,5.79;24.54,70.70,6.23;23.84,71.41,6.29
S 24.54,70.70,5.79;25.25,70.00,5.72;25.25,70.00,6.17;24.54,70.70,6.23
S 25.25,70.00,5.72;25.96,69.29,5.65;25.96,69.29,6.11;25.25,70.00,6.17
S 25.96,69.29,5.65;26.67,68.58,5.58;26.67,68.58,6.05;25.96,69.29,6.11
S 11.80,83.95,9.00;12.51,83.24,8.90;12.51,83.24,9.07;11.80,83.95,9.33
S 13.92,81.83,8.52;14.63,81.12,8.27;14.63,81.12,8.65;13.92,81.83,8.75
S 14.63,81.12,8.27;15.34,80.41,8.03;15.34,80.41,8.56;14.63,81.12,8.65
S 15.34,80.41,8.03;16.04,79.70,7.78;16.04,79.70,8.46;15.34,80.41,8.56
S 16.04,79.70,7.78;16.40,78.85,7.58;16.40,78.85,8.38;16.04,79.70,8.46
S 16.40,78.85,7.58;17.10,78.14,7.32;17.10,78.14,8.28;16.40,78.85,8.38