Q YOL1 18.184 72.045 7.433 19.182 72.105 7.313 18.945 76.098 7.313 17.947 76.038 7.433
Q YOL1 19.182 72.105 7.313 20.180 72.164 7.193 19.943 76.157 7.193 18.945 76.098 7.313
Q YOL1 20.180 72.164 7.193 21.179 72.224 7.073 20.941 76.216 7.073 19.943 76.157 7.193
Q YOL1 21.179 72.224 7.073 22.177 72.283 6.953 21.940 76.276 6.953 20.941 76.216 7.073
Q YOL1 22.177 72.283 6.953 23.175 72.342 6.833 22.938 76.335 6.833 21.940 76.276 6.953
Q YOL1 23.175 72.342 6.833 24.173 72.402 6.713 23.936 76.395 6.713 22.938 76.335 6.833
Q YOL1 24.173 72.402 6.713 25.172 72.461 6.593 24.934 76.454 6.593 23.936 76.395 6.713
Q YOL1 25.172 72.461 6.593 26.170 72.520 6.473 25.932 76.513 6.473 24.934 76.454 6.593
Q YOL1 26.170 72.520 6.473 27.168 72.580 6.353 26.931 76.573 6.353 25.932 76.513 6.473
Q YOL1 27.168 72.580 6.353 28.166 72.639 6.233 27.929 76.632 6.233 26.931 76.573 6.353
Q YOL1 28.166 72.639 6.233 29.165 72.698 6.118 28.927 76.691 6.118 27.929 76.632 6.233
Q YOL1 29.165 72.698 6.118 30.163 72.758 5.998 29.925 76.751 5.998 28.927 76.691 6.118
Q YOL1 30.163 72.758 5.998 31.161 72.817 5.878 30.924 76.810 5.878 29.925 76.751 5.998
Q YOL1 31.161 72.817 5.878 32.159 72.877 5.758 31.922 76.869 5.758 30.924 76.810 5.878
Q YOL1 32.159 72.877 5.758 33.158 72.936 5.853 32.920 76.929 5.853 31.922 76.869 5.758
Q YOL1 33.158 72.936 5.853 34.156 72.995 5.973 33.918 76.988 5.973 32.920 76.929 5.853
Q YOL1 34.156 72.995 5.973 35.154 73.055 5.853 34.917 77.048 5.853 33.918 76.988 5.973
Q YOL1 35.154 73.055 5.853 36.152 73.114 5.733 35.915 77.107 5.733 34.917 77.048 5.853
Q YOL1 36.152 73.114 5.733 37.151 73.173 5.613 36.913 77.166 5.613 35.915 77.107 5.733
Q YOL1 37.151 73.173 5.613 38.149 73.233 5.493 37.911 77.226 5.493 36.913 77.166 5.613
Q YOL1 38.149 73.233 5.493 39.147 73.292 5.373 38.910 77.285 5.373 37.911 77.226 5.493
Q YOL1 39.147 73.292 5.373 40.145 73.351 5.253 39.908 77.344 5.253 38.910 77.285 5.373
Q YOL1 40.145 73.351 5.253 41.143 73.411 5.133 40.906 77.404 5.133 39.908 77.344 5.253
Q YOL1 41.143 73.411 5.133 42.142 73.470 5.013 41.904 77.463 5.013 40.906 77.404 5.133
Q YOL1 42.142 73.470 5.013 43.140 73.530 4.893 42.902 77.523 4.893 41.904 77.463 5.013
Q YOL1 43.140 73.530 4.893 44.138 73.589 4.773 43.901 77.582 4.773 42.902 77.523 4.893
Q YOL1 44.138 73.589 4.773 45.136 73.648 4.653 44.899 77.641 4.653 43.901 77.582 4.773
Q YOL1 45.136 73.648 4.653 46.135 73.708 4.533 45.897 77.701 4.533 44.899 77.641 4.653
Q YOL1 46.135 73.708 4.533 47.133 73.767 4.653 46.895 77.760 4.653 45.897 77.701 4.533
Q YOL1 47.133 73.767 4.653 48.131 73.826 4.773 47.894 77.819 4.773 46.895 77.760 4.653
Q YOL1 48.131 73.826 4.773 49.129 73.886 4.653 48.892 77.879 4.653 47.894 77.819 4.773
Q YOL1 49.129 73.886 4.653 50.128 73.945 4.533 49.890 77.938 4.533 48.892 77.879 4.653
Q YOL1 50.128 73.945 4.533 51.126 74.004 4.413 50.888 77.997 4.413 49.890 77.938 4.533
Q YOL1 51.126 74.004 4.413 52.124 74.064 4.293 51.887 78.057 4.293 50.888 77.997 4.413
Q YOL1 52.124 74.064 4.293 53.122 74.123 4.173 52.885 78.116 4.173 51.887 78.057 4.293
Q YOL1 53.122 74.123 4.173 54.121 74.183 4.053 53.883 78.176 4.053 52.885 78.116 4.173
Q YOL1 54.121 74.183 4.053 55.119 74.242 3.933 54.881 78.235 3.933 53.883 78.176 4.053
Q YOL1 55.119 74.242 3.933 56.117 74.301 3.813 55.880 78.294 3.813 54.881 78.235 3.933
Q YOL1 56.117 74.301 3.813 57.115 74.361 3.693 56.878 78.354 3.693 55.880 78.294 3.813
Q YOL1 57.115 74.361 3.693 58.113 74.420 3.573 57.876 78.413 3.573 56.878 78.354 3.693
Q YOL1 58.113 74.420 3.573 59.112 74.479 3.453 58.874 78.472 3.453 57.876 78.413 3.573
Q YOL1 59.112 74.479 3.453 60.110 74.539 3.333 59.872 78.532 3.333 58.874 78.472 3.453
Q YOL1 60.110 74.539 3.333 61.108 74.598 3.213 60.871 78.591 3.213 59.872 78.532 3.333
Q YOL1 61.108 74.598 3.213 62.106 74.658 3.093 61.869 78.650 3.093 60.871 78.591 3.213
Q YOL1 62.106 74.658 3.093 63.105 74.717 2.973 62.867 78.710 2.973 61.869 78.650 3.093
Q YOL1 63.105 74.717 2.973 64.103 74.776 2.853 63.865 78.769 2.853 62.867 78.710 2.973
Q YOL1 64.103 74.776 2.853 65.101 74.836 2.733 64.864 78.829 2.733 63.865 78.769 2.853
Q YOL1 65.101 74.836 2.733 66.099 74.895 2.613 65.862 78.888 2.613 64.864 78.829 2.733
Q YOL1 66.099 74.895 2.613 67.098 74.954 2.493 66.860 78.947 2.493 65.862 78.888 2.613
Q YOL1 67.098 74.954 2.493 68.096 75.014 2.373 67.858 79.007 2.373 66.860 78.947 2.493
Q YOL1 68.096 75.014 2.373 69.094 75.073 2.253 68.857 79.066 2.253 67.858 79.007 2.373
Q YOL1 69.094 75.073 2.253 70.092 75.132 2.133 69.855 79.125 2.133 68.857 79.066 2.253
Q YOL1 70.092 75.132 2.133 71.091 75.192 2.013 70.853 79.185 2.013 69.855 79.125 2.133
Q YOL1 71.091 75.192 2.013 72.089 75.251 1.893 71.851 79.244 1.893 70.853 79.185 2.013
Q YOL1 72.089 75.251 1.893 73.087 75.311 1.792 72.850 79.303 1.792 71.851 79.244 1.893
Q YOL1 73.087 75.311 1.792 74.085 75.370 1.912 73.848 79.363 1.912 72.850 79.303 1.792
Q YOL1 74.085 75.370 1.912 75.083 75.429 1.792 74.846 79.422 1.792 73.848 79.363 1.912
Q YOL1 75.083 75.429 1.792 76.082 75.489 1.672 75.844 79.482 1.672 74.846 79.422 1.792
Q YOL1 76.082 75.489 1.672 77.080 75.548 1.552 76.843 79.541 1.552 75.844 79.482 1.672
Q YOL1 77.080 75.548 1.552 78.078 75.607 1.579 77.841 79.600 1.579 76.843 79.541 1.552
Q YOL1 78.078 75.607 1.579 79.076 75.667 1.699 78.839 79.660 1.699 77.841 79.600 1.579
Q YOL1 79.076 75.667 1.699 80.075 75.726 1.819 79.837 79.719 1.819 78.839 79.660 1.699
Q YOL1 80.075 75.726 1.819 81.073 75.785 1.699 80.835 79.778 1.699 79.837 79.719 1.819
Q YOL1 81.073 75.785 1.699 82.071 75.845 1.579 81.834 79.838 1.579 80.835 79.778 1.699
Q YOL1 82.071 75.845 1.579 83.069 75.904 1.699 82.832 79.897 1.699 81.834 79.838 1.579
Q YOL1 83.069 75.904 1.699 84.068 75.964 1.819 83.830 79.956 1.819 82.832 79.897 1.699
Q YOL1 84.068 75.964 1.819 85.066 76.023 1.939 84.828 80.016 1.939 83.830 79.956 1.819
Q YOL1 85.066 76.023 1.939 86.064 76.082 1.884 85.827 80.075 1.884 84.828 80.016 1.939
Q YOL1 86.064 76.082 1.884 87.062 76.142 1.764 86.825 80.135 1.764 85.827 80.075 1.884
Q YOL1 87.062 76.142 1.764 88.061 76.201 1.884 87.823 80.194 1.884 86.825 80.135 1.764
Q YOL1 88.061 76.201 1.884 89.059 76.260 2.004 88.821 80.253 2.004 87.823 80.194 1.884
Q YOL1 89.059 76.260 2.004 90.057 76.320 2.124 89.820 80.313 2.124 88.821 80.253 2.004
Q YOL1 90.057 76.320 2.124 91.055 76.379 2.113 90.818 80.372 2.113 89.820 80.313 2.124
Q YOL1 91.055 76.379 2.113 92.054 76.438 1.993 91.816 80.431 1.993 90.818 80.372 2.113
Q YOL1 92.054 76.438 1.993 93.052 76.498 1.873 92.814 80.491 1.873 91.816 80.431 1.993
Q YOL1 93.052 76.498 1.873 94.050 76.557 1.851 93.813 80.550 1.851 92.814 80.491 1.873
Q YOL1 94.050 76.557 1.851 95.048 76.617 1.971 94.811 80.610 1.971 93.813 80.550 1.851
Q YOL1 95.048 76.617 1.971 96.046 76.676 2.091 95.809 80.669 2.091 94.811 80.610 1.971
Q YOL1 96.046 76.676 2.091 97.045 76.735 2.211 96.807 80.728 2.211 95.809 80.669 2.091
Q YOL1 97.045 76.735 2.211 98.043 76.795 2.331 97.805 80.788 2.331 96.807 80.728 2.211
Q YOL1 98.043 76.795 2.331 99.041 76.854 2.451 98.804 80.847 2.451 97.805 80.788 2.331
Q YOL1 99.041 76.854 2.451 100.039 76.913 2.407 99.802 80.906 2.407 98.804 80.847 2.451
Q YOL1 100.039 76.913 2.407 101.038 76.973 2.287 100.800 80.966 2.287 99.802 80.906 2.407
Q YOL1 101.038 76.973 2.287 102.036 77.032 2.167 101.798 81.025 2.167 100.800 80.966 2.287
Q YOL1 102.036 77.032 2.167 103.034 77.091 2.047 102.797 81.084 2.047 101.798 81.025 2.167
Q YOL1 103.034 77.091 2.047 104.032 77.151 1.927 103.795 81.144 1.927 102.797 81.084 2.047
Q YOL1 104.032 77.151 1.927 105.031 77.210 1.807 104.793 81.203 1.807 103.795 81.144 1.927
Q YOL1 105.031 77.210 1.807 106.029 77.270 1.687 105.791 81.263 1.687 104.793 81.203 1.807
Q YOL1 106.029 77.270 1.687 107.027 77.329 1.567 106.790 81.322 1.567 105.791 81.263 1.687
Q YOL1 107.027 77.329 1.567 108.025 77.388 1.447 107.788 81.381 1.447 106.790 81.322 1.567
Q YOL1 108.025 77.388 1.447 109.024 77.448 1.327 108.786 81.441 1.327 107.788 81.381 1.447
Q YOL1 109.024 77.448 1.327 110.022 77.507 1.207 109.784 81.500 1.207 108.786 81.441 1.327
Q YOL1 110.022 77.507 1.207 111.020 77.566 1.087 110.783 81.559 1.087 109.784 81.500 1.207
Q YOL1 111.020 77.566 1.087 112.018 77.626 0.967 111.781 81.619 0.967 110.783 81.559 1.087
Q YOL1 112.018 77.626 0.967 113.016 77.685 0.847 112.779 81.678 0.847 111.781 81.619 0.967
Q YOL1 113.016 77.685 0.847 114.015 77.744 0.967 113.777 81.737 0.967 112.779 81.678 0.847
Q YOL1 114.015 77.744 0.967 115.013 77.804 1.087 114.775 81.797 1.087 113.777 81.737 0.967
Q YOL1 115.013 77.804 1.087 116.011 77.863 1.073 115.774 81.856 1.073 114.775 81.797 1.087
Q YOL1 116.011 77.863 1.073 117.009 77.923 0.953 116.772 81.916 0.953 115.774 81.856 1.073
Q YOL1 117.009 77.923 0.953 118.008 77.982 0.833 117.770 81.975 0.833 116.772 81.916 0.953
Q YOL1 118.008 77.982 0.833 119.006 78.041 0.713 118.768 82.034 0.713 117.770 81.975 0.833
Q YOL1 119.006 78.041 0.713 120.004 78.101 0.593 119.767 82.094 0.593 118.768 82.034 0.713
Q YOL1 120.004 78.101 0.593 121.002 78.160 0.473 120.765 82.153 0.473 119.767 82.094 0.593
Q YOL1 121.002 78.160 0.473 122.001 78.219 0.353 121.763 82.212 0.353 120.765 82.153 0.473
Q YOL1 122.001 78.219 0.353 122.999 78.279 0.233 122.761 82.272 0.233 121.763 82.212 0.353
Q YOL1 122.999 78.279 0.233 123.997 78.338 0.113 123.760 82.331 0.113 122.761 82.272 0.233
Q YOL1 123.997 78.338 0.113 124.995 78.398 -0.007 124.758 82.390 -0.007 123.760 82.331 0.113
Q YOL1 124.995 78.398 -0.007 125.994 78.457 -0.127 125.756 82.450 -0.127 124.758 82.390 -0.007
Q YOL1 125.994 78.457 -0.127 126.992 78.516 -0.247 126.754 82.509 -0.247 125.756 82.450 -0.127
Q YOL1 126.992 78.516 -0.247 127.990 78.576 -0.367 127.753 82.569 -0.367 126.754 82.509 -0.247
Q YOL1 127.990 78.576 -0.367 128.988 78.635 -0.487 128.751 82.628 -0.487 127.753 82.569 -0.367
Q YOL1 128.988 78.635 -0.487 129.986 78.694 -0.607 129.749 82.687 -0.607 128.751 82.628 -0.487
Q YOL1 129.986 78.694 -0.607 130.985 78.754 -0.727 130.747 82.747 -0.727 129.749 82.687 -0.607
Q YOL1 130.985 78.754 -0.727 131.983 78.813 -0.607 131.746 82.806 -0.607 130.747 82.747 -0.727
Q YOL1 131.983 78.813 -0.607 132.981 78.872 -0.645 132.744 82.865 -0.645 131.746 82.806 -0.607
Q YOL1 132.981 78.872 -0.645 133.979 78.932 -0.765 133.742 82.925 -0.765 132.744 82.865 -0.645
Q YOL1 133.979 78.932 -0.765 134.978 78.991 -0.885 134.740 82.984 -0.885 133.742 82.925 -0.765
Q YOL1 134.978 78.991 -0.885 135.976 79.051 -1.005 135.738 83.043 -1.005 134.740 82.984 -0.885
Q YOL1 135.976 79.051 -1.005 136.974 79.110 -1.125 136.737 83.103 -1.125 135.738 83.043 -1.005
Q YOL1 136.974 79.110 -1.125 137.972 79.169 -1.245 137.735 83.162 -1.245 136.737 83.103 -1.125
Q YOL1 137.972 79.169 -1.245 138.971 79.229 -1.365 138.733 83.222 -1.365 137.735 83.162 -1.245
Q YOL1 138.971 79.229 -1.365 139.969 79.288 -1.485 139.731 83.281 -1.485 138.733 83.222 -1.365
Q YOL1 139.969 79.288 -1.485 140.967 79.347 -1.605 140.730 83.340 -1.605 139.731 83.281 -1.485
Q YOL1 140.967 79.347 -1.605 141.965 79.407 -1.693 141.728 83.400 -1.693 140.730 83.340 -1.605
Q YOL1 141.965 79.407 -1.693 142.964 79.466 -1.573 142.726 83.459 -1.573 141.728 83.400 -1.693
Q YOL1 142.964 79.466 -1.573 143.962 79.525 -1.453 143.724 83.518 -1.453 142.726 83.459 -1.573
Q YOL1 143.962 79.525 -1.453 144.960 79.585 -1.333 144.723 83.578 -1.333 143.724 83.518 -1.453
Q YOL1 144.960 79.585 -1.333 145.958 79.644 -1.453 145.721 83.637 -1.453 144.723 83.578 -1.333
Q YOL1 145.958 79.644 -1.453 146.957 79.704 -1.573 146.719 83.696 -1.573 145.721 83.637 -1.453
Q YOL1 146.957 79.704 -1.573 147.955 79.763 -1.693 147.717 83.756 -1.693 146.719 83.696 -1.573
Q YOL1 147.955 79.763 -1.693 148.953 79.822 -1.813 148.716 83.815 -1.813 147.717 83.756 -1.693
Q YOL1 148.953 79.822 -1.813 149.951 79.882 -1.700 149.714 83.875 -1.700 148.716 83.815 -1.813
Q YOL1 149.951 79.882 -1.700 150.949 79.941 -1.580 150.712 83.934 -1.580 149.714 83.875 -1.700
Q YOL1 150.949 79.941 -1.580 151.948 80.000 -1.700 151.710 83.993 -1.700 150.712 83.934 -1.580
Q YOL1 151.948 80.000 -1.700 152.946 80.060 -1.820 152.708 84.053 -1.820 151.710 83.993 -1.700
Q YOL1 152.946 80.060 -1.820 153.944 80.119 -1.940 153.707 84.112 -1.940 152.708 84.053 -1.820
Q YOL1 153.944 80.119 -1.940 154.942 80.178 -2.060 154.705 84.171 -2.060 153.707 84.112 -1.940
Q YOL1 154.942 80.178 -2.060 155.941 80.238 -2.180 155.703 84.231 -2.180 154.705 84.171 -2.060
Q YOL1 155.941 80.238 -2.180 156.939 80.297 -2.300 156.701 84.290 -2.300 155.703 84.231 -2.180
Q YOL1 156.939 80.297 -2.300 157.937 80.357 -2.420 157.700 84.350 -2.420 156.701 84.290 -2.300
Q YOL1 157.937 80.357 -2.420 158.935 80.416 -2.540 158.698 84.409 -2.540 157.700 84.350 -2.420
Q YOL2 30.726 58.733 6.011 31.724 58.793 5.891 31.483 62.786 5.891 30.485 62.725 6.011
Q YOL2 31.724 58.793 5.891 32.722 58.853 5.771 32.481 62.846 5.771 31.483 62.786 5.891
Q YOL2 32.722 58.853 5.771 33.721 58.914 5.651 33.479 62.906 5.651 32.481 62.846 5.771
Q YOL2 33.721 58.914 5.651 34.719 58.974 5.531 34.478 62.967 5.531 33.479 62.906 5.651
Q YOL2 34.719 58.974 5.531 35.717 59.034 5.411 35.476 63.027 5.411 34.478 62.967 5.531
Q YOL2 35.717 59.034 5.411 36.715 59.095 5.291 36.474 63.087 5.291 35.476 63.027 5.411
Q YOL2 36.715 59.095 5.291 37.713 59.155 5.171 37.472 63.148 5.171 36.474 63.087 5.291
Q YOL2 37.713 59.155 5.171 38.712 59.215 5.051 38.470 63.208 5.051 37.472 63.148 5.171
Q YOL2 38.712 59.215 5.051 39.710 59.276 4.931 39.468 63.268 4.931 38.470 63.208 5.051
Q YOL2 39.710 59.276 4.931 40.708 59.336 4.811 40.467 63.329 4.811 39.468 63.268 4.931
Q YOL2 40.708 59.336 4.811 41.706 59.396 4.691 41.465 63.389 4.691 40.467 63.329 4.811
Q YOL2 41.706 59.396 4.691 42.704 59.456 4.571 42.463 63.449 4.571 41.465 63.389 4.691
Q YOL2 42.704 59.456 4.571 43.702 59.517 4.451 43.461 63.510 4.451 42.463 63.449 4.571
Q YOL2 43.702 59.517 4.451 44.701 59.577 4.331 44.459 63.570 4.331 43.461 63.510 4.451
Q YOL2 44.701 59.577 4.331 45.699 59.637 4.211 45.458 63.630 4.211 44.459 63.570 4.331
Q YOL2 45.699 59.637 4.211 46.697 59.698 4.091 46.456 63.690 4.091 45.458 63.630 4.211
Q YOL2 46.697 59.698 4.091 47.695 59.758 3.971 47.454 63.751 3.971 46.456 63.690 4.091
Q YOL2 47.695 59.758 3.971 48.693 59.818 3.851 48.452 63.811 3.851 47.454 63.751 3.971
Q YOL2 48.693 59.818 3.851 49.692 59.879 3.731 49.450 63.871 3.731 48.452 63.811 3.851
Q YOL2 49.692 59.879 3.731 50.690 59.939 3.611 50.448 63.932 3.611 49.450 63.871 3.731
Q YOL2 50.690 59.939 3.611 51.688 59.999 3.666 51.447 63.992 3.666 50.448 63.932 3.611
Q YOL2 51.688 59.999 3.666 52.686 60.060 3.546 52.445 64.052 3.546 51.447 63.992 3.666
Q YOL2 52.686 60.060 3.546 53.684 60.120 3.426 53.443 64.113 3.426 52.445 64.052 3.546
Q YOL2 53.684 60.120 3.426 54.682 60.180 3.306 54.441 64.173 3.306 53.443 64.113 3.426
Q YOL2 54.682 60.180 3.306 55.681 60.241 3.186 55.439 64.233 3.186 54.441 64.173 3.306
Q YOL2 55.681 60.241 3.186 56.679 60.301 3.066 56.437 64.294 3.066 55.439 64.233 3.186
Q YOL2 56.679 60.301 3.066 57.677 60.361 3.038 57.436 64.354 3.038 56.437 64.294 3.066
Q YOL2 57.677 60.361 3.038 58.675 60.422 2.918 58.434 64.414 2.918 57.436 64.354 3.038
Q YOL2 58.675 60.422 2.918 59.673 60.482 2.965 59.432 64.475 2.965 58.434 64.414 2.918
Q YOL2 59.673 60.482 2.965 60.671 60.542 3.085 60.430 64.535 3.085 59.432 64.475 2.965
Q YOL2 60.671 60.542 3.085 61.670 60.603 2.965 61.428 64.595 2.965 60.430 64.535 3.085
Q YOL2 61.670 60.603 2.965 62.668 60.663 2.845 62.427 64.656 2.845 61.428 64.595 2.965
Q YOL2 62.668 60.663 2.845 63.666 60.723 2.725 63.425 64.716 2.725 62.427 64.656 2.845
Q YOL2 63.666 60.723 2.725 64.664 60.783 2.605 64.423 64.776 2.605 63.425 64.716 2.725
Q YOL2 64.664 60.783 2.605 65.662 60.844 2.485 65.421 64.837 2.485 64.423 64.776 2.605
Q YOL2 65.662 60.844 2.485 66.661 60.904 2.365 66.419 64.897 2.365 65.421 64.837 2.485
Q YOL2 66.661 60.904 2.365 67.659 60.964 2.245 67.417 64.957 2.245 66.419 64.897 2.365
Q YOL2 67.659 60.964 2.245 68.657 61.025 2.125 68.416 65.017 2.125 67.417 64.957 2.245
Q YOL2 68.657 61.025 2.125 69.655 61.085 2.005 69.414 65.078 2.005 68.416 65.017 2.125
Q YOL2 69.655 61.085 2.005 70.653 61.145 1.885 70.412 65.138 1.885 69.414 65.078 2.005
Q YOL2 70.653 61.145 1.885 71.651 61.206 1.765 71.410 65.198 1.765 70.412 65.138 1.885
Q YOL2 71.651 61.206 1.765 72.650 61.266 1.645 72.408 65.259 1.645 71.410 65.198 1.765
Q YOL2 72.650 61.266 1.645 73.648 61.326 1.525 73.407 65.319 1.525 72.408 65.259 1.645
Q YOL2 73.648 61.326 1.525 74.646 61.387 1.405 74.405 65.379 1.405 73.407 65.319 1.525
Q YOL2 74.646 61.387 1.405 75.644 61.447 1.285 75.403 65.440 1.285 74.405 65.379 1.405
Q YOL2 75.644 61.447 1.285 76.642 61.507 1.165 76.401 65.500 1.165 75.403 65.440 1.285
Q YOL2 76.642 61.507 1.165 77.641 61.568 1.045 77.399 65.560 1.045 76.401 65.500 1.165
Q YOL2 77.641 61.568 1.045 78.639 61.628 0.925 78.397 65.621 0.925 77.399 65.560 1.045
Q YOL2 78.639 61.628 0.925 79.637 61.688 0.805 79.396 65.681 0.805 78.397 65.621 0.925
Q YOL2 79.637 61.688 0.805 80.635 61.749 0.685 80.394 65.741 0.685 79.396 65.681 0.805
Q YOL2 80.635 61.749 0.685 81.633 61.809 0.565 81.392 65.802 0.565 80.394 65.741 0.685
Q YOL2 81.633 61.809 0.565 82.631 61.869 0.445 82.390 65.862 0.445 81.392 65.802 0.565
Q YOL2 82.631 61.869 0.445 83.630 61.929 0.325 83.388 65.922 0.325 82.390 65.862 0.445
Q YOL2 83.630 61.929 0.325 84.628 61.990 0.205 84.387 65.983 0.205 83.388 65.922 0.325
Q YOL2 84.628 61.990 0.205 85.626 62.050 0.085 85.385 66.043 0.085 84.387 65.983 0.205
Q YOL2 85.626 62.050 0.085 86.624 62.110 -0.035 86.383 66.103 -0.035 85.385 66.043 0.085
Q YOL2 86.624 62.110 -0.035 87.622 62.171 -0.155 87.381 66.163 -0.155 86.383 66.103 -0.035
Q YOL2 87.622 62.171 -0.155 88.620 62.231 -0.275 88.379 66.224 -0.275 87.381 66.163 -0.155
Q YOL2 88.620 62.231 -0.275 89.619 62.291 -0.395 89.377 66.284 -0.395 88.379 66.224 -0.275
Q YOL2 89.619 62.291 -0.395 90.617 62.352 -0.515 90.376 66.344 -0.515 89.377 66.284 -0.395
Q YOL2 90.617 62.352 -0.515 91.615 62.412 -0.635 91.374 66.405 -0.635 90.376 66.344 -0.515
Q YOL2 91.615 62.412 -0.635 92.613 62.472 -0.755 92.372 66.465 -0.755 91.374 66.405 -0.635
Q YOL2 92.613 62.472 -0.755 93.611 62.533 -0.635 93.370 66.525 -0.635 92.372 66.465 -0.755
Q YOL2 93.611 62.533 -0.635 94.610 62.593 -0.652 94.368 66.586 -0.652 93.370 66.525 -0.635
Q YOL2 94.610 62.593 -0.652 95.608 62.653 -0.772 95.366 66.646 -0.772 94.368 66.586 -0.652
Q YOL2 95.608 62.653 -0.772 96.606 62.714 -0.892 96.365 66.706 -0.892 95.366 66.646 -0.772
Q YOL2 96.606 62.714 -0.892 97.604 62.774 -1.012 97.363 66.767 -1.012 96.365 66.706 -0.892
Q YOL2 97.604 62.774 -1.012 98.602 62.834 -1.132 98.361 66.827 -1.132 97.363 66.767 -1.012
Q YOL2 98.602 62.834 -1.132 99.600 62.895 -1.012 99.359 66.887 -1.012 98.361 66.827 -1.132
Q YOL2 99.600 62.895 -1.012 100.599 62.955 -0.892 100.357 66.948 -0.892 99.359 66.887 -1.012
Q YOL2 100.599 62.955 -0.892 101.597 63.015 -0.772 101.356 67.008 -0.772 100.357 66.948 -0.892
Q YOL2 101.597 63.015 -0.772 102.595 63.076 -0.892 102.354 67.068 -0.892 101.356 67.008 -0.772
Q YOL2 102.595 63.076 -0.892 103.593 63.136 -0.772 103.352 67.129 -0.772 102.354 67.068 -0.892
Q YOL2 103.593 63.136 -0.772 104.591 63.196 -0.652 104.350 67.189 -0.652 103.352 67.129 -0.772
Q YOL2 104.591 63.196 -0.652 105.590 63.256 -0.532 105.348 67.249 -0.532 104.350 67.189 -0.652
Q YOL2 105.590 63.256 -0.532 106.588 63.317 -0.412 106.346 67.310 -0.412 105.348 67.249 -0.532
Q YOL2 106.588 63.317 -0.412 107.586 63.377 -0.292 107.345 67.370 -0.292 106.346 67.310 -0.412
Q YOL2 107.586 63.377 -0.292 108.584 63.437 -0.412 108.343 67.430 -0.412 107.345 67.370 -0.292
Q YOL2 108.584 63.437 -0.412 109.582 63.498 -0.532 109.341 67.490 -0.532 108.343 67.430 -0.412
Q YOL2 109.582 63.498 -0.532 110.580 63.558 -0.652 110.339 67.551 -0.652 109.341 67.490 -0.532
Q YOL2 110.580 63.558 -0.652 111.579 63.618 -0.532 111.337 67.611 -0.532 110.339 67.551 -0.652
Q YOL2 111.579 63.618 -0.532 112.577 63.679 -0.412 112.336 67.671 -0.412 111.337 67.611 -0.532
Q YOL2 112.577 63.679 -0.412 113.575 63.739 -0.292 113.334 67.732 -0.292 112.336 67.671 -0.412
Q YOL2 113.575 63.739 -0.292 114.573 63.799 -0.172 114.332 67.792 -0.172 113.334 67.732 -0.292
Q YOL2 114.573 63.799 -0.172 115.571 63.860 -0.052 115.330 67.852 -0.052 114.332 67.792 -0.172
Q YOL2 115.571 63.860 -0.052 116.570 63.920 0.068 116.328 67.913 0.068 115.330 67.852 -0.052
Q YOL2 116.570 63.920 0.068 117.568 63.980 0.188 117.326 67.973 0.188 116.328 67.913 0.068
Q YOL2 117.568 63.980 0.188 118.566 64.041 0.199 118.325 68.033 0.199 117.326 67.973 0.188
Q YOL2 118.566 64.041 0.199 119.564 64.101 0.079 119.323 68.094 0.079 118.325 68.033 0.199
Q YOL2 119.564 64.101 0.079 120.562 64.161 -0.023 120.321 68.154 -0.023 119.323 68.094 0.079
Q YOL2 120.562 64.161 -0.023 121.560 64.222 -0.120 121.319 68.214 -0.120 120.321 68.154 -0.023
Q YOL2 121.560 64.222 -0.120 122.559 64.282 -0.232 122.317 68.275 -0.232 121.319 68.214 -0.120
Q YOL2 122.559 64.282 -0.232 123.557 64.342 -0.252 123.315 68.335 -0.252 122.317 68.275 -0.232
Q YOL2 123.557 64.342 -0.252 124.555 64.402 -0.132 124.314 68.395 -0.132 123.315 68.335 -0.252
Q YOL2 124.555 64.402 -0.132 125.553 64.463 -0.012 125.312 68.456 -0.012 124.314 68.395 -0.132
Q YOL2 125.553 64.463 -0.012 126.551 64.523 0.108 126.310 68.516 0.108 125.312 68.456 -0.012
Q YOL2 126.551 64.523 0.108 127.549 64.583 0.228 127.308 68.576 0.228 126.310 68.516 0.108
Q YOL2 127.549 64.583 0.228 128.548 64.644 0.348 128.306 68.636 0.348 127.308 68.576 0.228
Q YOL2 128.548 64.644 0.348 129.546 64.704 0.228 129.305 68.697 0.228 128.306 68.636 0.348
Q YOL2 129.546 64.704 0.228 130.544 64.764 0.108 130.303 68.757 0.108 129.305 68.697 0.228
Q YOL2 130.544 64.764 0.108 131.542 64.825 -0.012 131.301 68.817 -0.012 130.303 68.757 0.108
Q YOL2 131.542 64.825 -0.012 132.540 64.885 -0.132 132.299 68.878 -0.132 131.301 68.817 -0.012
Q YOL2 132.540 64.885 -0.132 133.539 64.945 -0.252 133.297 68.938 -0.252 132.299 68.878 -0.132
